1488588256451811977
100
374
degree
1
59 
7 29
26 78
15 60
24 80
76 94
24 33
25 87
57 58
10 88
80 90
10 16
23 74
4 9
46 82
76 93
42 85
1 45
33 42
65 86
83 88
5 52
0 7
33 66
48 72
40 50
40 86
16 84
5 57
15 29
50 68
49 89
51 69
30 52
40 96
34 41
7 56
14 83
2 26
1 85
11 26
30 92
3 42
17 81
68 98
58 82
12 54
20 29
35 50
34 60
0 55
52 53
6 52
25 93
54 71
56 87
41 97
59 67
84 94
43 66
58 89
12 47
14 23
41 68
29 51
41 46
34 38
18 46
46 66
48 63
9 41
67 72
2 73
19 32
77 90
67 86
62 88
42 79
12 75
13 49
7 21
40 54
26 61
40 64
2 25
58 91
4 8
81 85
27 67
27 99
20 22
28 79
36 57
31 90
23 70
32 49
37 97
44 47
84 95
39 87
15 61
24 82
76 98
24 35
25 90
57 63
10 90
80 99
10 18
23 79
4 10
46 91
77 84
42 95
1 46
33 51
66 69
84 92
5 54
33 78
48 89
40 66
41 44
16 92
5 60
15 37
50 90
50 63
51 93
30 69
41 60
7 65
34 61
7 61
14 94
2 27
1 87
11 35
51 79
31 46
3 45
17 96
70 81
59 81
12 65
20 47
35 79
34 88
52 93
6 59
26 45
55 71
57 91
60 77
30 56
44 53
60 62
12 62
14 41
42 54
29 85
7 94
41 92
34 78
18 70
47 65
49 67
9 54
85 86
69 79
30 54
43 81
2 77
19 60
4 97
19 47
81 92
70 71
35 98
31 60
64 92
41 61
25 48
43 84
11 98
12 97
29 87
59 88
13 73
62 72
7 35
51 83
91 94
55 59
21 88
1 60
36 39
27 38
5 78
14 49
48 90
10 21
16 79
4 6
47 70
41 80
2 30
61 71
4 17
88 95
6 69
73 91
14 89
19 35
65 80
61 72
52 77
15 78
62 99
28 58
5 21
28 91
3 58
20 71
5 8
3 71
59 66
1 94
42 53
52 59
10 19
19 20
32 37
73 98
12 93
7 42
8 71
29 82
37 84
6 71
17 57
33 39
37 40
79 93
24 60
8 61
62 87
6 97
89 92
11 54
59 95
26 66
65 68
35 55
7 23
54 95
38 56
76 88
9 37
50 92
17 40
70 97
1 48
84 87
30 80
75 76
12 59
35 43
91 96
51 66
30 85
6 20
11 73
52 58
15 16
35 73
33 88
26 55
45 71
27 98
63 82
28 77
62 69
54 77
8 55
15 71
17 91
54 62
40 44
45 59
12 46
64 86
28 46
7 8
40 67
3 36
28 93
15 42
19 67
9 62
24 68
80 92
46 94
51 95
8 47
86 97
2 86
2 56
31 35
79 82
71 87
25 97
17 35
38 92
41 63
36 65
31 54
72 82
6 34
22 42
25 55
39 57
37 79
1 47
43 50
72 78
66 92
59 98
19 22
22 59
37 81
43 63
41 58
32 84
45 93
53 95
74 83
9 16
19 86
29 53
56 79
73 78
1 71
14 77
54 81
30 73
73 85
35 61
62 92
22 33
33 55
18 25
5 36
0 24
31 65
3 35
14 95
21 33
38 97
66 73
11 19
1 9
31 41
14 60
18 83
4 39
4 49
69 80
65 96
68 72
34 54
46 51
44 55
70 99
23 35
43 58
23 34
44 80
47 96
12 60
80 81
8 18
10 11
79 83
49 78
23 46
4 64
15 81
9 21
48 93
18 23
8 84
59 84
2 38
60 80
24 49
29 81
7 73
27 92
19 49
5 85
24 37
23 25
20 59
80 94
10 26
4 40
16 57
50 69
38 83
42 98
34 57
9 79
36 71
4 54
37 59
31 87
29 78
11 46
8 12
15 87
17 42
24 98
28 78
49 88
24 69
59 75
15 89
29 77
55 92
10 28
55 82
15 99
79 85
12 55
29 41
5 66
35 88
49 65
10 53
18 61
16 74
7 26
71 92
18 89
30 47
53 93
2 63
57 97
