1488588256811196972
100
620
degree
1
25 
48 54
0 42
60 81
10 88
25 77
49 88
33 86
19 25
6 11
19 93
44 91
9 17
14 28
4 5
41 64
25 63
3 36
20 55
33 95
7 19
1 42
31 65
18 65
21 41
38 51
14 63
9 33
6 69
12 37
13 41
82 96
9 37
67 96
12 36
36 82
2 74
25 60
8 11
46 58
39 48
58 95
18 21
48 69
12 18
49 96
45 77
2 51
65 93
30 49
40 45
8 47
16 75
19 71
1 39
53 66
35 58
41 80
23 30
30 55
6 37
17 76
13 92
27 75
47 89
12 16
24 25
21 94
74 75
16 84
45 50
57 59
25 62
16 78
15 97
2 29
72 97
51 70
27 53
51 91
27 32
4 13
74 90
1 34
26 55
89 98
31 99
22 24
66 79
52 60
50 97
22 83
68 94
65 85
44 61
78 87
25 57
56 99
43 45
73 82
60 83
10 89
25 79
49 92
33 90
19 27
6 12
19 97
44 98
9 19
14 31
4 6
41 74
25 69
3 37
20 61
34 40
7 22
1 43
31 77
18 72
21 50
38 66
14 70
9 38
6 73
12 44
13 48
84 95
9 43
91 99
37 40
2 76
25 76
8 17
46 85
39 73
59 89
18 34
49 50
12 28
50 81
46 56
2 53
67 70
30 74
40 77
8 55
16 91
19 89
31 56
1 41
54 64
35 91
42 61
23 54
30 86
65 70
6 45
17 97
21 22
14 24
28 36
48 87
12 31
56 57
24 55
22 46
28 96
76 98
17 25
47 90
21 26
9 77
46 52
58 84
25 98
17 21
16 39
2 33
17 47
16 89
64 87
76 83
52 93
27 97
53 71
27 76
4 20
42 73
10 83
92 94
45 82
31 81
65 95
78 98
1 37
21 90
24 37
12 79
69 99
27 54
2 57
32 93
3 14
36 50
3 13
28 84
18 66
40 66
24 92
25 80
56 73
9 57
18 52
7 79
51 68
22 75
17 74
27 84
66 68
68 80
70 77
0 7
38 52
54 75
70 94
53 63
4 38
34 39
35 90
0 89
23 66
27 55
12 87
58 71
31 57
27 82
43 79
22 82
29 37
0 93
16 82
77 87
73 97
70 71
3 8
28 69
49 66
51 92
31 38
10 18
41 47
71 73
2 24
3 29
0 88
4 40
33 41
21 59
14 40
46 77
10 90
54 96
15 43
34 47
17 64
10 52
14 62
26 99
7 91
66 82
21 95
26 70
5 19
65 94
18 59
66 72
38 43
28 86
0 65
57 61
78 82
22 93
2 45
41 94
11 84
2 91
42 47
10 82
24 89
11 70
10 94
29 74
52 79
61 79
60 98
4 52
21 30
40 85
11 25
52 83
6 46
41 46
56 71
5 13
57 78
13 75
61 94
28 49
9 24
70 72
46 48
39 74
1 79
42 84
50 69
34 62
31 67
95 97
80 93
35 99
6 18
5 23
13 28
29 97
57 91
73 98
78 83
71 96
8 51
64 67
9 36
44 60
41 86
60 70
12 14
67 92
3 89
56 58
8 54
15 79
50 55
11 31
6 21
28 85
13 58
72 85
58 97
87 91
15 27
63 74
49 86
70 78
50 70
15 37
23 60
32 83
82 84
18 29
84 88
4 27
62 88
69 86
22 99
17 78
71 83
55 82
19 62
36 56
12 57
12 26
63 73
14 18
13 17
20 65
37 95
12 33
79 81
77 94
9 28
32 47
16 30
73 88
12 94
26 97
7 78
81 93
24 94
20 29
50 78
45 83
61 69
1 9
58 74
74 76
56 94
8 58
4 56
12 63
5 59
38 48
12 81
83 85
44 63
38 60
11 64
16 74
71 81
52 95
1 93
52 65
14 66
34 95
25 56
23 47
52 82
1 64
37 57
55 68
8 35
82 98
4 28
33 78
43 72
40 68
49 73
42 86
34 73
21 24
54 74
33 87
80 94
53 92
44 47
39 71
24 78
21 56
68 69
25 45
3 30
35 73
31 82
75 96
42 46
12 98
43 99
83 88
14 36
1 40
77 78
0 85
0 64
51 53
24 58
57 98
2 89
13 94
5 11
73 76
27 50
51 52
22 58
25 83
8 73
81 96
27 72
48 67
32 91
94 96
68 90
37 93
20 63
21 53
4 69
23 99
20 38
30 70
3 7
60 75
32 80
15 24
7 53
18 60
30 85
66 76
25 66
3 66
25 51
57 72
64 98
93 97
10 72
6 97
71 86
11 43
71 89
2 67
68 73
5 84
12 22
26 60
26 31
29 42
53 88
4 36
0 38
17 53
32 43
56 91
16 18
73 93
17 92
13 27
65 92
11 14
32 74
22 27
23 41
15 76
19 57
48 93
33 39
54 94
3 34
20 22
5 61
30 45
43 76
70 79
61 99
25 82
28 50
1 99
19 54
66 78
78 85
89 99
55 88
47 83
23 85
26 50
0 72
16 70
43 96
46 55
62 83
37 39
1 10
88 96
3 41
26 46
2 6
49 64
64 77
4 63
13 91
10 95
5 71
36 52
29 31
34 88
29 69
17 51
61 78
30 47
4 80
66 88
52 75
71 87
15 20
34 79
31 92
15 35
13 85
5 83
40 52
40 79
9 86
55 99
6 76
59 68
58 69
45 48
17 45
24 41
11 21
40 90
3 68
90 98
17 57
39 89
6 70
79 83
13 66
60 71
5 47
12 19
22 60
5 24
2 61
48 56
32 42
30 32
35 82
3 92
4 15
77 98
11 98
24 42
43 94
66 69
8 21
53 79
40 93
35 47
4 97
32 73
46 60
25 33
11 48
67 95
40 92
21 60
37 67
25 96
86 92
36 51
36 96
20 52
31 64
29 56
22 35
29 46
69 88
27 57
27 44
7 36
6 47
46 90
45 55
46 99
60 80
20 87
36 75
59 80
27 66
57 67
7 85
72 82
49 68
12 21
4 99
12 72
57 69
39 72
14 46
43 57
52 76
17 49
