1488588256786542414
100
620
degree
1
69 
48 89
32 72
9 64
0 65
79 81
11 33
4 70
39 50
14 39
69 74
37 42
22 94
34 95
51 76
73 90
89 96
84 85
22 77
0 58
43 92
9 10
19 86
8 79
88 92
41 86
56 67
2 38
76 85
2 23
7 65
67 69
2 84
72 96
34 80
13 88
31 87
58 66
6 80
9 35
47 98
48 58
37 41
11 86
25 78
39 48
7 53
26 39
40 90
23 60
21 37
4 30
0 42
30 47
18 45
46 70
24 49
60 70
26 28
12 22
19 70
92 94
25 67
25 32
18 89
48 61
82 99
55 94
10 85
27 51
0 5
82 93
10 12
95 97
73 82
81 89
19 97
24 34
59 78
20 55
3 11
29 90
10 62
82 83
75 82
15 91
16 44
38 63
52 86
10 36
44 86
19 29
3 31
32 71
15 30
17 61
1 66
29 57
54 94
13 68
79 85
11 34
39 55
14 42
69 82
37 48
22 98
35 38
51 86
74 79
91 94
85 87
22 84
44 50
9 13
19 94
8 82
90 96
42 45
56 88
2 39
77 88
2 24
7 70
67 96
2 86
74 75
34 99
13 97
32 39
58 96
6 84
9 42
48 76
48 88
37 66
11 95
25 97
39 76
7 60
26 60
41 63
23 80
21 56
4 34
54 60
0 43
39 87
30 76
18 64
47 59
24 73
61 81
26 55
12 36
5 10
2 80
19 92
15 33
2 41
25 96
25 62
19 33
49 62
26 72
57 68
11 12
27 87
11 81
43 63
77 89
28 64
10 28
51 85
12 84
14 62
76 90
18 68
20 51
66 99
88 97
28 54
61 80
85 91
20 90
3 17
5 76
30 72
68 87
73 83
10 83
79 94
29 47
16 39
16 76
39 71
54 80
10 57
48 79
46 58
19 69
3 38
42 90
33 70
42 71
83 89
48 59
64 72
65 85
80 97
11 71
73 77
12 41
15 66
54 79
18 22
8 72
58 68
15 90
14 84
17 94
17 23
70 85
23 30
2 21
19 99
36 60
17 83
66 75
1 70
40 51
39 67
8 80
31 97
13 18
43 71
12 97
58 99
62 97
47 93
32 67
28 55
45 55
45 63
13 21
48 50
44 74
32 73
53 76
28 34
10 81
30 41
30 74
11 24
36 93
11 36
52 69
42 49
52 63
68 69
21 67
74 99
56 69
66 69
79 99
69 93
16 42
3 86
29 70
37 79
13 37
58 89
5 32
21 85
76 88
0 60
68 93
56 89
39 86
13 94
35 85
34 71
32 64
16 49
63 93
26 99
14 32
84 86
63 74
26 43
26 34
36 57
17 58
7 49
25 58
40 60
0 18
55 88
32 52
45 95
17 29
59 86
35 92
59 83
60 90
59 69
20 22
9 40
52 76
46 65
65 69
50 69
68 83
66 77
2 22
5 11
47 99
81 93
15 78
57 78
29 59
71 79
3 4
13 69
14 49
52 98
31 58
4 39
40 64
42 72
54 73
17 69
48 74
0 8
11 99
6 98
24 86
16 91
16 80
3 47
38 65
1 50
31 67
33 49
0 3
68 90
47 52
23 39
7 54
26 75
26 70
1 49
14 38
10 82
0 75
8 20
47 68
40 99
36 44
42 89
29 72
61 97
11 62
5 20
12 85
46 87
59 79
6 53
59 77
52 64
24 55
70 81
73 93
6 90
8 61
78 82
2 12
58 59
57 81
2 37
2 67
32 99
78 93
22 99
0 23
72 92
42 63
22 66
27 71
16 18
18 41
54 57
16 72
30 79
4 28
16 82
54 63
20 66
23 68
18 92
68 89
42 47
20 75
15 17
39 65
71 97
13 30
30 87
9 96
35 56
23 58
56 95
58 73
54 58
12 39
12 87
9 22
71 82
31 38
20 45
14 98
41 47
1 93
12 13
23 67
43 91
36 91
6 61
30 89
54 87
2 97
69 85
22 89
35 78
18 21
50 97
28 98
14 82
20 76
69 81
31 73
58 63
25 57
15 94
29 52
47 54
8 50
1 41
34 92
11 98
3 90
6 66
10 86
45 85
13 19
71 99
64 74
11 61
39 69
35 76
30 77
51 54
5 31
50 70
23 27
69 92
15 26
66 98
77 85
22 39
21 61
16 89
11 20
11 93
27 40
3 41
44 62
2 45
45 83
64 78
45 96
17 45
57 85
22 41
33 38
20 36
39 96
30 93
13 89
58 93
10 32
26 52
77 94
57 97
2 78
10 11
10 52
11 91
2 52
2 27
69 96
20 95
37 61
15 44
25 90
51 63
55 90
66 68
58 71
50 57
34 43
72 73
50 87
7 21
82 96
5 92
18 32
17 27
7 80
3 65
5 96
9 94
30 51
5 22
19 71
29 89
40 68
24 45
7 41
30 43
20 49
76 99
45 71
48 91
15 40
40 55
30 57
44 73
82 84
37 82
0 89
65 72
32 98
26 30
59 60
8 18
1 67
45 80
19 25
0 20
58 82
8 37
22 31
36 87
24 60
25 30
25 48
26 37
24 25
15 99
60 69
36 79
4 61
45 67
3 79
25 77
66 79
23 76
94 97
51 79
17 73
13 51
92 93
36 65
13 80
55 95
30 69
18 24
45 57
83 85
11 18
27 61
63 77
25 41
61 71
27 83
4 54
2 3
24 84
13 28
26 29
30 99
38 54
37 53
29 38
15 35
26 74
3 14
48 52
69 94
21 44
46 51
66 71
39 74
2 91
8 40
48 66
62 87
27 30
76 87
27 45
64 84
17 32
9 88
37 69
56 99
16 23
42 55
54 92
1 16
55 96
58 95
29 55
35 91
55 82
29 43
61 98
12 81
55 78
63 99
27 38
6 18
41 45
18 73
2 14
83 88
33 78
20 59
24 98
32 58
74 89
1 33
11 68
66 73
22 85
4 84
2 99
65 70
12 47
23 91
36 70
41 76
63 71
56 76
34 57
52 65
29 66
34 54
35 70
17 71
15 69
20 42
56 73
8 33
0 12
