1488588256702490625
100
496
degree
1
2 
54 92
68 70
11 19
22 24
5 76
4 74
37 57
34 49
21 47
29 44
40 85
19 67
0 9
62 76
33 53
49 83
18 44
33 86
30 93
8 37
32 60
0 84
2 57
38 82
42 91
41 58
42 93
47 70
0 58
71 98
33 59
6 21
13 88
52 97
41 87
20 99
10 94
6 27
22 97
51 59
25 38
52 69
47 82
19 52
75 79
25 59
27 56
2 34
20 67
1 29
71 97
1 72
35 87
43 68
26 56
22 56
81 95
36 80
11 73
5 99
15 61
0 54
14 79
42 84
12 88
75 98
31 92
38 54
1 85
63 78
4 29
8 32
10 43
46 81
16 76
85 94
16 89
7 11
8 62
14 15
9 80
22 77
3 48
28 30
17 23
14 65
50 55
78 80
46 94
57 90
12 85
11 45
13 23
2 39
48 88
55 61
54 66
91 96
56 64
68 71
22 26
5 77
37 61
34 52
21 50
29 48
40 91
19 70
62 87
33 61
49 94
18 49
33 96
31 35
8 40
32 71
2 58
38 96
43 51
41 74
43 55
47 90
59 68
72 99
33 76
6 24
13 96
53 78
42 54
21 35
11 14
6 32
9 48
23 37
51 90
25 56
53 56
48 64
19 68
77 78
25 80
27 79
2 36
20 86
1 30
73 93
1 74
36 57
44 51
26 82
22 79
22 93
85 91
37 55
11 86
61 74
6 14
15 80
0 55
14 98
6 12
43 74
13 19
78 99
32 64
38 99
1 88
65 74
21 60
4 35
8 44
10 59
47 87
17 19
17 33
4 28
10 21
7 22
8 76
40 98
14 38
9 97
16 87
2 47
23 39
18 83
3 54
28 77
17 54
14 92
51 83
83 88
48 65
7 97
16 83
45 59
70 74
9 96
6 15
15 29
60 73
60 63
35 38
43 95
4 27
25 83
79 98
47 89
18 92
60 96
24 94
13 29
11 72
19 36
44 91
13 54
74 88
23 91
5 37
24 74
81 99
13 56
12 25
0 52
29 76
17 78
35 66
8 61
2 45
36 95
13 52
22 53
15 40
53 95
92 93
53 82
51 52
46 64
65 69
10 82
4 6
2 12
22 91
42 72
22 33
2 55
17 69
14 50
14 49
20 83
37 99
21 87
8 80
58 70
14 59
16 71
53 83
57 75
23 85
18 68
80 92
13 70
14 37
55 83
15 20
36 86
85 90
15 71
12 70
16 69
0 63
10 36
36 38
9 28
11 24
32 97
25 71
4 26
1 21
46 59
19 22
9 29
5 57
2 10
31 85
11 16
6 89
5 92
7 24
21 46
1 60
41 73
35 50
36 46
2 11
6 26
59 83
4 42
56 98
20 73
23 83
20 89
30 84
21 39
89 98
15 31
20 44
18 23
35 89
0 73
68 77
45 96
33 34
19 60
19 25
46 61
12 99
61 91
11 34
8 16
7 46
60 76
62 79
61 67
49 88
28 91
36 73
64 72
71 76
13 80
78 90
72 95
67 83
21 58
12 35
27 46
32 72
0 5
12 71
25 70
32 92
69 90
33 75
6 62
15 33
13 35
22 45
26 97
38 72
15 69
1 42
53 63
24 25
4 38
9 13
4 17
50 89
44 94
30 60
54 73
2 92
13 66
12 23
30 42
13 59
9 82
36 63
16 35
24 41
56 86
5 91
32 85
22 71
2 29
78 85
18 34
10 31
41 92
2 73
27 78
75 92
1 57
12 20
20 31
45 56
61 79
41 89
15 87
64 88
60 84
7 75
48 72
16 94
62 74
2 42
38 57
49 58
36 59
19 31
69 96
33 68
86 91
44 62
59 89
4 8
11 42
35 90
0 70
2 71
48 94
29 65
23 58
80 89
32 68
10 54
38 46
7 35
4 20
21 73
38 86
42 58
60 88
28 50
11 47
1 98
35 93
33 37
0 86
31 71
8 74
16 90
28 58
1 23
49 72
13 42
44 96
12 67
11 85
18 65
44 65
55 88
5 72
14 34
44 67
32 87
55 63
62 96
12 49
59 95
22 64
8 88
30 47
63 70
62 97
17 97
13 73
13 57
53 80
20 50
46 62
8 42
61 96
50 70
59 98
14 47
46 60
23 25
54 82
24 83
18 74
15 92
56 57
55 64
36 45
88 90
20 64
67 85
47 67
23 40
81 96
21 63
62 90
22 47
2 27
27 47
8 68
38 87
7 92
10 26
26 38
41 46
17 34
56 77
67 80
38 88
43 66
14 36
4 63
33 87
28 63
88 89
65 70
3 5
23 46
79 97
82 98
5 9
68 87
20 98
42 85
23 43
57 76
35 94
88 99
26 63
91 94
14 46
51 94
10 14
50 97
87 90
70 85
34 60
49 75
28 76
40 61
46 83
8 89
79 90
1 67
38 70
5 70
31 52
11 97
79 94
5 81
64 96
62 88
22 48
26 90
19 37
42 73
27 28
39 51
60 93
39 79
61 65
21 72
18 84
5 48
37 84
37 95
42 75
16 82
35 83
20 84
63 77
2 68
