1488588256691116277
100
496
degree
1
58 
7 76
22 33
26 48
74 76
41 78
64 93
12 53
35 50
43 70
18 21
29 95
30 72
6 14
7 78
14 81
57 89
6 55
75 95
2 37
79 83
40 93
5 74
10 85
29 36
46 91
58 84
3 84
55 79
56 64
39 73
86 97
3 40
24 44
50 58
13 98
29 41
30 77
3 46
32 95
33 93
82 95
28 93
44 83
41 60
15 80
69 76
23 30
26 54
55 99
58 63
10 34
1 65
24 52
42 46
27 49
23 74
4 33
46 89
31 85
20 63
11 42
62 97
31 67
22 81
68 95
92 94
67 98
0 34
40 87
13 41
31 63
15 60
66 81
26 87
31 88
2 95
58 97
8 78
16 41
18 83
31 61
53 67
39 80
48 71
53 59
17 34
27 68
51 85
10 25
70 72
19 94
19 65
9 14
11 96
58 94
73 90
38 45
33 47
38 39
26 49
74 79
41 81
64 97
12 54
35 54
43 76
18 24
30 31
30 78
6 15
7 80
14 85
58 60
6 58
76 88
2 38
80 83
41 49
5 76
10 90
29 48
47 56
59 65
3 86
56 58
56 87
39 92
89 93
3 42
24 58
50 84
14 22
29 58
30 96
3 48
33 50
34 50
85 89
29 43
45 58
41 89
15 92
70 88
23 49
26 76
56 95
59 64
10 44
1 66
24 75
42 81
27 75
23 97
4 37
47 78
32 49
20 85
11 55
64 79
32 34
23 31
70 94
3 89
69 97
0 35
41 74
13 59
88 92
65 97
15 81
68 84
43 67
27 51
32 62
3 4
4 48
60 85
23 36
88 96
81 82
36 58
41 85
51 73
8 94
11 12
7 23
0 80
16 69
19 36
32 45
17 32
19 34
49 78
41 62
55 58
49 98
6 68
54 97
14 56
31 86
17 69
54 84
12 62
28 51
65 82
27 81
42 56
53 83
72 81
10 48
20 59
84 96
33 54
20 30
49 96
2 74
9 36
12 38
31 75
61 87
6 30
60 92
14 61
3 87
1 15
79 85
40 98
60 97
1 31
26 90
39 74
46 63
2 57
42 78
20 75
6 13
70 96
34 67
65 84
3 63
39 75
75 91
14 29
32 70
20 37
69 87
8 50
64 89
25 65
27 60
31 36
24 62
9 79
36 92
24 39
35 60
43 61
90 95
14 38
13 50
64 74
14 40
66 68
24 28
8 9
5 21
27 70
1 97
58 78
4 12
23 43
9 76
41 65
32 94
35 97
41 42
95 99
4 74
71 87
8 34
25 55
14 94
32 89
90 99
21 27
69 93
8 80
47 91
3 57
15 65
56 83
43 77
37 49
4 22
25 45
67 99
18 28
14 23
17 29
28 80
53 87
76 80
39 98
37 80
7 77
42 83
26 33
85 93
0 9
38 85
78 94
43 55
5 71
19 26
88 98
1 55
31 73
2 7
12 87
28 56
23 57
8 38
5 59
38 47
18 52
24 50
18 88
22 53
66 93
6 36
57 83
68 73
78 99
9 75
21 84
21 37
8 31
6 37
17 74
46 97
18 69
39 82
46 78
11 58
4 30
1 54
43 53
61 76
19 33
1 90
3 9
20 68
58 71
24 43
21 72
3 8
1 42
17 56
5 28
35 75
42 69
30 38
17 86
1 3
20 26
3 16
0 77
55 63
41 71
34 76
10 71
30 90
57 98
1 83
22 88
92 98
38 93
54 63
15 22
16 65
31 46
65 98
84 85
9 43
92 95
6 63
67 80
4 86
46 66
14 83
14 18
51 61
3 50
1 60
2 30
42 75
31 41
79 92
2 56
29 79
11 69
12 67
24 69
63 84
25 53
29 93
44 62
52 95
57 92
21 22
7 64
43 58
29 71
45 63
5 82
7 62
0 93
14 82
65 78
61 89
13 32
10 74
11 48
50 90
19 45
63 72
9 15
2 46
7 90
54 88
11 15
19 66
10 78
0 98
86 94
20 98
4 25
10 55
28 55
62 74
46 69
20 39
11 98
41 50
53 85
24 51
57 65
19 69
3 85
4 69
7 87
38 40
92 93
64 91
5 50
17 50
39 58
31 52
31 39
78 89
28 58
57 59
6 26
21 59
48 98
40 48
49 54
8 35
19 44
13 69
22 39
1 2
66 80
16 20
15 40
77 78
91 99
36 68
4 91
46 51
17 41
29 37
72 98
4 62
2 31
1 33
6 84
62 80
35 72
12 28
8 47
40 76
15 21
39 63
9 71
22 28
37 50
28 50
13 90
18 47
40 95
80 95
1 25
20 90
65 77
19 99
8 63
31 49
20 45
46 50
46 88
6 28
46 73
21 58
1 77
2 86
81 97
76 79
86 99
77 81
17 62
4 15
26 80
5 49
56 78
69 72
25 91
24 72
50 95
40 41
33 56
60 96
28 75
37 58
24 64
50 51
70 77
0 5
28 34
24 63
49 97
70 97
38 83
40 69
42 70
13 95
19 98
12 60
61 86
74 84
2 78
21 36
