1488588256544299572
100
374
degree
1
31 
33 83
31 71
49 70
17 31
4 55
56 92
8 69
29 87
36 39
92 99
30 72
62 79
71 86
0 97
44 78
15 96
64 94
35 97
17 40
8 43
15 35
59 97
31 52
20 39
66 97
31 57
16 36
32 58
18 36
19 35
62 63
41 85
47 97
16 64
78 83
62 69
0 89
28 62
39 42
11 32
13 42
8 91
9 41
22 66
1 27
52 65
81 82
1 55
20 84
81 87
7 55
12 35
50 76
37 56
65 74
80 91
16 49
11 20
71 82
21 75
15 50
42 78
7 85
74 84
61 62
7 81
14 76
12 46
35 36
78 92
26 75
2 8
29 60
2 24
10 94
30 42
22 75
51 95
2 56
53 93
25 46
45 72
33 48
17 38
23 71
61 93
8 51
3 61
0 90
73 96
6 9
34 49
17 88
5 93
66 98
27 54
30 68
62 67
53 77
31 72
49 71
17 32
56 96
8 70
29 91
36 44
94 96
30 77
62 89
71 97
0 98
44 87
16 18
95 97
17 46
8 46
15 41
60 75
31 64
20 47
67 87
31 70
16 44
32 73
18 45
19 45
94 98
42 49
48 70
16 74
79 96
62 99
28 80
39 66
11 41
13 53
8 98
9 49
22 83
1 28
53 54
83 94
1 56
21 25
84 87
7 62
51 68
37 89
66 89
83 93
16 66
73 83
21 98
15 67
43 64
53 90
76 99
7 95
88 91
62 82
7 91
14 95
12 63
35 77
82 87
27 37
0 47
40 83
37 60
2 12
30 31
2 27
16 84
11 23
30 84
68 83
23 34
53 68
2 61
1 17
9 28
31 41
51 97
34 53
44 82
9 15
55 79
25 89
24 79
31 88
12 88
28 73
60 68
46 91
36 62
34 42
17 72
63 67
26 95
24 42
27 90
68 72
64 82
8 31
75 90
33 99
7 54
28 88
33 34
95 99
32 43
3 70
36 66
24 52
50 79
0 92
79 81
8 9
74 85
48 89
84 95
69 74
63 68
6 25
6 99
35 64
7 63
47 66
26 84
4 69
11 74
47 94
16 28
53 99
18 55
18 57
6 18
12 42
78 79
52 96
17 29
10 55
41 94
4 63
43 45
3 92
17 60
39 88
71 72
71 96
3 31
4 85
54 65
9 62
27 31
63 89
28 65
25 97
50 83
31 92
52 53
68 84
5 18
24 26
17 71
6 40
66 87
14 82
54 55
33 61
42 59
72 84
56 83
96 97
82 97
45 76
12 40
30 50
57 80
43 89
19 34
72 91
48 99
10 69
14 96
4 46
55 95
18 49
65 71
2 13
10 62
34 68
11 57
37 87
85 90
18 75
2 63
14 39
11 88
10 83
87 93
41 96
23 45
56 84
0 19
27 94
13 77
3 38
27 95
32 57
23 41
4 14
76 77
4 91
23 29
33 42
26 78
25 66
46 80
7 57
4 64
0 91
7 11
8 36
16 79
41 49
19 63
50 70
65 68
53 95
56 75
38 97
1 52
39 67
19 51
46 57
73 75
63 83
58 77
17 59
52 91
15 56
43 49
69 94
54 82
90 92
21 96
23 89
77 86
3 4
60 83
54 99
15 59
25 31
22 91
6 87
32 86
17 83
2 16
8 22
34 38
44 46
5 39
32 69
21 92
1 98
36 76
5 66
35 50
40 78
10 90
18 58
77 89
9 16
6 75
6 63
55 71
17 53
16 95
67 69
27 61
17 70
15 36
25 68
16 58
3 30
31 63
4 75
56 73
37 53
3 67
32 84
56 78
23 48
44 95
24 81
19 39
24 60
9 86
33 68
5 58
76 88
8 21
32 41
5 95
10 52
1 31
5 29
40 60
37 83
10 68
9 76
17 67
52 56
28 64
12 92
12 24
50 88
26 41
19 65
0 82
68 82
40 43
67 79
46 51
50 85
11 64
19 27
10 96
70 99
40 90
36 93
45 61
52 90
0 54
55 67
61 76
31 47
28 56
4 77
32 78
42 86
33 62
83 84
0 33
54 72
8 66
27 44
67 97
