1488588256594679648
100
496
degree
1
82 
25 76
42 50
8 39
16 87
1 40
29 46
7 59
24 74
21 91
33 45
25 88
80 87
58 92
70 98
53 79
35 75
0 3
12 80
1 61
28 84
41 65
53 91
29 70
65 93
50 86
12 53
20 64
20 69
24 31
79 84
25 45
58 80
13 88
18 61
6 27
48 49
36 45
29 81
76 93
46 57
1 88
15 42
70 84
4 82
13 50
23 73
23 42
38 90
1 84
17 57
18 19
10 96
52 99
31 39
0 83
26 84
63 98
67 68
21 82
35 43
92 97
17 39
35 94
35 86
86 95
38 82
20 50
66 69
27 98
23 78
17 67
51 67
54 88
1 77
25 47
3 79
7 42
29 72
0 71
55 62
1 96
14 73
66 99
47 49
5 14
58 60
4 55
37 67
12 44
11 34
51 85
30 51
12 32
2 65
22 44
1 11
63 89
9 28
56 91
42 51
8 40
16 88
29 48
7 60
24 77
21 95
33 50
25 93
80 97
59 62
71 82
53 90
35 84
12 84
1 62
28 94
41 78
54 63
29 82
66 81
51 57
12 59
20 73
20 79
24 43
80 92
25 58
59 66
13 97
18 72
6 31
48 74
36 67
30 31
78 86
46 85
1 89
15 54
71 94
4 86
13 61
23 92
23 61
39 60
1 85
84 93
17 73
18 36
11 19
53 95
82 91
78 90
30 46
31 69
0 84
27 40
65 82
68 92
22 29
19 40
35 81
67 86
17 60
51 88
36 72
36 64
39 67
20 77
68 71
28 63
24 35
44 50
21 58
85 87
39 69
42 81
17 94
21 29
52 85
24 46
56 70
1 80
24 25
36 60
17 22
25 89
63 82
40 59
3 86
7 56
30 53
0 73
34 48
57 58
26 27
2 3
3 16
15 18
70 73
72 77
48 77
17 74
5 25
0 43
60 74
10 41
10 83
83 97
37 75
4 66
38 81
15 36
8 14
12 73
37 60
11 61
7 49
22 31
57 96
27 85
53 94
73 85
93 97
15 53
51 76
26 32
31 55
24 76
12 83
12 65
13 75
2 72
83 88
37 70
2 35
72 86
83 92
53 70
30 83
2 50
25 62
43 87
23 30
7 66
2 54
43 50
1 14
51 91
52 82
19 56
18 71
31 35
4 95
53 76
10 60
67 92
25 83
13 84
2 23
55 71
0 33
3 54
84 91
68 82
27 36
9 60
5 33
96 99
28 49
58 62
52 76
41 74
15 20
44 52
60 89
36 63
29 47
48 64
22 86
2 26
24 78
16 24
4 27
47 79
59 60
57 63
8 48
13 66
58 63
58 81
6 77
39 50
75 78
32 57
26 37
14 29
0 57
47 70
1 66
46 92
58 74
55 77
15 72
34 85
32 49
51 54
43 86
4 67
5 66
76 96
72 93
37 57
18 78
25 46
38 91
60 95
74 98
24 88
65 98
12 38
13 92
12 87
39 49
4 10
45 60
57 82
36 73
52 64
22 40
4 28
41 43
13 57
68 76
32 69
10 46
54 74
82 83
85 97
64 82
69 79
9 36
33 82
58 87
43 79
15 39
4 78
54 83
1 49
7 80
5 24
44 82
19 86
5 69
11 80
27 77
26 93
17 52
5 59
5 80
11 41
17 31
62 90
57 77
22 34
15 37
40 62
6 23
9 70
79 89
29 95
5 57
82 97
50 98
7 14
92 95
4 57
33 93
68 93
8 63
10 18
69 77
48 79
90 92
22 79
43 85
9 11
39 55
76 94
29 56
32 50
64 95
51 82
35 97
22 39
7 73
16 71
25 75
81 95
66 74
50 90
43 96
75 79
64 71
16 74
57 66
56 83
9 99
54 57
29 86
0 60
9 66
9 20
19 80
26 29
21 45
20 91
27 74
12 81
27 29
26 95
7 52
12 19
39 76
11 28
62 84
24 29
17 96
58 84
34 92
14 65
1 92
12 13
19 36
77 88
28 77
0 12
42 92
36 50
12 61
23 66
65 94
24 86
9 80
15 41
7 48
34 56
11 42
32 64
3 46
30 97
55 98
11 57
91 92
23 38
48 66
41 51
0 97
88 99
33 76
4 43
53 75
24 58
26 99
29 30
56 68
42 60
23 71
90 97
91 99
28 35
33 70
41 48
14 43
64 77
12 85
27 91
7 91
7 84
42 71
33 97
50 95
25 82
59 99
45 75
28 95
8 12
18 41
4 94
39 79
4 39
25 49
40 60
11 39
80 93
69 91
58 72
67 69
3 45
16 37
54 90
16 18
52 79
34 66
69 82
41 46
35 65
3 13
74 95
37 73
4 11
19 73
51 94
58 66
85 94
55 83
69 89
37 71
53 96
80 96
7 39
16 55
51 89
31 45
48 63
36 93
2 49
39 94
23 88
6 37
0 67
23 34
5 23
35 76
4 42
14 74
22 74
27 83
48 51
2 97
50 62
29 85
53 93
27 51
7 8
19 63
17 58
16 36
22 56
25 53
43 67
