1488588256772670171
100
620
degree
1
11 
20 76
15 35
10 73
71 85
32 34
78 82
1 89
61 85
33 45
11 35
10 52
14 86
51 73
43 47
40 87
90 96
20 26
3 96
11 63
53 73
27 96
34 57
21 40
18 27
68 87
59 84
6 38
28 32
59 72
8 91
5 52
6 16
30 74
22 48
24 76
40 81
11 60
11 79
25 60
7 84
39 64
18 21
11 30
19 22
11 90
51 85
39 54
24 95
65 77
34 48
11 92
72 92
5 70
52 55
1 50
51 57
41 46
15 29
2 23
38 50
0 81
5 21
33 84
30 67
17 86
35 95
69 78
23 62
78 79
29 54
4 11
18 43
10 44
31 88
13 89
8 45
34 88
33 62
61 80
2 49
31 42
13 58
14 72
56 80
36 83
20 65
75 78
5 9
6 63
17 36
40 93
12 58
45 99
39 66
88 97
46 56
37 52
46 94
2 98
15 36
10 74
71 87
32 36
78 86
1 90
61 91
33 50
11 37
10 54
14 89
51 83
43 56
40 96
92 96
20 32
3 97
11 67
53 88
28 34
34 69
21 49
18 35
69 79
60 66
6 42
28 46
59 95
8 96
5 55
6 19
30 91
22 61
24 91
11 68
11 87
25 77
7 90
39 89
92 97
11 39
19 37
12 13
52 73
39 84
25 43
66 88
34 76
12 17
74 89
5 76
52 97
1 51
52 53
41 84
15 45
2 25
38 88
0 82
5 27
5 58
34 55
31 33
15 99
36 73
71 84
23 92
81 91
29 91
22 89
4 17
28 48
36 60
18 69
10 60
32 65
56 79
11 13
14 25
18 52
8 59
35 74
34 46
63 82
2 53
8 47
31 91
61 69
23 98
0 9
4 90
13 83
20 81
14 99
14 59
25 28
58 80
66 99
37 84
21 26
33 99
34 83
79 95
27 56
5 20
67 95
6 78
48 96
15 59
17 73
42 55
28 40
0 50
12 87
31 35
22 59
61 84
11 38
89 91
17 28
41 54
56 89
80 96
34 56
47 89
13 60
47 65
37 73
26 35
53 69
6 47
88 96
10 64
31 49
37 65
52 89
62 86
36 48
66 86
30 62
1 21
43 96
0 30
82 85
29 66
37 45
57 85
14 85
13 44
57 79
15 94
18 79
55 90
17 62
35 83
32 58
17 45
34 58
19 25
28 45
7 9
10 33
9 27
51 61
15 58
19 87
18 49
16 18
73 94
41 66
43 55
15 42
48 87
92 98
42 87
50 63
3 89
3 54
73 79
51 65
7 86
56 98
18 40
42 62
19 74
1 69
2 42
19 23
9 76
10 36
5 77
26 50
39 59
57 63
70 99
9 43
45 70
21 55
24 58
27 28
12 71
40 70
2 47
29 96
50 70
7 22
10 98
17 39
8 51
48 69
50 57
55 65
76 81
8 17
50 64
0 80
43 90
0 60
12 44
41 57
6 22
30 50
72 82
28 80
2 97
58 59
39 46
65 81
55 96
43 59
5 18
10 82
57 84
16 63
30 53
12 98
84 87
59 93
4 87
89 99
63 65
51 88
20 47
51 70
3 52
56 65
46 66
25 94
5 94
39 42
32 84
50 56
73 80
46 75
80 83
44 56
32 91
10 23
0 56
4 27
30 59
71 75
3 45
8 31
4 60
38 77
13 41
23 64
10 29
28 52
8 61
15 74
26 28
58 65
38 47
61 63
21 50
11 31
8 98
39 40
27 92
0 47
38 83
57 62
38 95
30 39
32 44
2 5
2 17
89 92
65 75
15 46
32 74
19 77
0 20
6 58
20 37
57 75
11 17
16 46
7 27
17 48
63 88
71 94
28 98
8 90
24 25
38 94
18 86
3 42
64 96
71 86
50 82
80 88
13 74
68 75
97 98
49 94
45 81
16 90
2 33
14 75
87 90
10 37
23 93
37 69
39 53
34 47
12 67
3 24
24 98
4 50
35 65
5 16
18 56
21 86
11 47
50 54
2 88
11 66
81 87
51 64
27 65
1 96
16 24
46 93
42 82
6 69
64 74
10 61
28 37
10 94
40 49
59 96
11 55
41 52
16 67
61 81
54 56
57 95
27 55
50 73
35 47
24 33
3 25
23 36
75 76
56 75
17 40
41 71
21 31
68 76
45 46
28 65
76 91
13 68
85 90
0 21
38 41
15 20
12 81
49 97
12 26
25 72
6 49
34 96
25 27
48 68
6 48
45 62
28 30
90 94
45 61
26 72
24 78
19 61
68 70
37 70
70 73
32 87
12 31
30 45
29 81
46 65
28 77
24 82
82 99
22 23
35 99
86 96
29 85
40 51
11 43
38 49
61 97
91 95
58 63
49 81
21 84
81 82
4 73
16 93
25 91
56 78
2 39
22 93
17 89
18 96
87 96
30 81
33 98
26 99
25 70
93 96
61 83
17 30
0 31
1 74
7 10
38 96
59 85
63 95
58 85
3 73
36 86
61 64
20 78
22 84
21 89
10 75
34 74
9 16
45 90
16 43
68 93
3 80
10 53
26 97
4 49
72 77
9 86
58 77
2 14
9 42
6 34
65 95
6 83
28 82
4 63
5 22
44 69
76 98
53 97
22 78
74 99
60 98
43 88
43 71
67 82
8 81
1 37
47 54
87 97
14 23
15 24
9 92
13 93
67 98
51 63
58 92
34 92
52 91
66 71
65 88
48 92
38 54
30 61
22 85
16 68
27 48
4 23
37 50
43 94
69 97
21 39
5 61
22 90
38 89
27 71
25 93
11 24
80 97
64 83
32 66
41 43
2 83
3 90
80 91
19 55
54 87
58 81
49 72
45 83
70 96
13 38
4 43
12 55
23 40
71 83
77 99
55 75
61 78
51 75
9 72
5 33
18 38
0 95
82 86
26 64
10 42
3 26
4 52
84 93
11 44
17 38
34 51
17 22
12 86
72 74
74 86
5 59
27 37
20 21
65 94
56 72
54 93
34 72
45 85
18 89
42 45
56 99
17 60
22 42
1 73
49 77
6 51
35 89
32 80
80 81
58 95
15 16
63 98
4 37
44 85
19 82
