1488588256607412323
100
496
degree
1
31 
46 64
12 86
49 89
57 91
22 54
13 40
25 38
6 74
16 90
17 33
33 51
4 97
13 60
22 82
57 69
39 85
24 91
41 49
1 42
17 87
37 41
77 97
53 76
73 88
50 81
19 71
37 60
57 77
37 93
21 58
31 57
79 92
70 71
77 96
61 95
21 79
17 56
41 42
2 30
23 61
1 99
45 83
15 28
46 51
6 97
1 94
19 78
35 73
43 66
7 92
29 62
34 51
62 82
16 56
8 47
16 60
29 91
48 91
16 92
3 97
38 50
78 88
61 77
24 63
28 42
5 72
37 44
26 83
5 86
53 87
27 64
71 91
28 75
27 85
27 31
80 99
42 68
26 92
55 64
81 95
32 78
10 34
11 50
59 75
72 79
29 65
56 67
20 64
18 74
0 52
14 30
19 52
66 78
30 75
9 38
8 27
58 84
70 98
16 36
12 87
49 90
57 93
22 56
13 42
25 41
6 75
17 36
33 56
4 98
13 63
22 87
57 80
39 95
24 98
41 60
1 43
17 93
37 53
78 96
53 94
74 85
50 99
19 80
37 76
57 99
38 49
21 69
31 73
81 85
71 72
79 87
62 88
21 93
17 67
41 66
2 32
23 77
2 4
46 59
15 40
46 82
7 11
1 96
37 69
19 95
36 38
43 99
7 99
29 88
38 70
34 81
63 93
16 73
8 56
16 78
30 52
49 85
17 29
4 6
38 89
81 92
62 95
24 92
5 79
24 59
37 86
27 44
5 94
55 56
28 29
74 83
29 42
42 83
28 52
27 68
85 97
43 67
72 94
27 59
56 88
55 60
32 34
37 98
31 93
33 62
21 64
10 52
11 70
61 78
73 95
14 22
46 79
41 96
75 96
4 28
38 79
30 48
58 69
89 92
21 26
19 31
36 51
17 72
5 90
3 23
0 53
63 87
41 90
7 15
55 74
14 61
19 94
13 99
69 93
93 95
6 27
17 66
73 93
19 37
70 86
10 44
31 75
9 61
48 68
0 22
2 87
3 43
3 13
11 88
38 66
27 49
11 97
61 98
5 21
46 73
50 82
0 45
84 97
53 85
39 99
8 51
7 56
31 39
82 83
45 88
25 87
45 96
29 70
17 78
76 96
20 48
62 67
50 76
14 58
18 97
51 53
19 21
84 87
73 74
80 82
25 74
66 84
25 31
40 56
22 37
31 95
35 62
20 88
47 83
77 94
44 62
27 45
52 77
83 92
23 86
52 64
54 74
16 94
51 67
19 33
33 42
7 38
41 50
53 57
10 48
56 84
4 26
4 44
10 91
35 51
23 35
12 15
18 83
41 95
26 93
25 90
44 79
83 87
31 37
90 93
31 80
73 76
47 62
53 98
3 39
49 50
16 42
28 95
31 97
24 33
4 69
15 61
8 16
20 21
31 48
60 94
32 43
50 69
66 96
32 37
7 22
55 57
54 91
37 57
7 40
32 57
62 71
46 50
36 64
5 58
22 69
10 68
63 83
31 40
31 45
42 88
53 86
59 80
2 33
0 36
65 83
29 41
74 77
33 98
64 95
16 79
49 58
32 92
29 71
16 63
80 86
41 84
58 98
18 86
9 11
53 89
15 93
88 95
9 99
23 98
74 75
43 94
26 38
57 75
45 52
35 63
6 88
56 79
47 74
12 78
6 59
15 91
5 59
78 95
80 84
29 37
44 61
29 92
73 84
11 99
14 89
91 95
39 84
33 53
4 99
10 77
7 69
49 66
24 85
2 71
33 40
41 59
30 96
89 98
4 41
4 16
29 76
10 37
51 71
82 85
6 84
28 38
63 91
40 86
5 45
44 83
17 92
85 94
20 84
88 91
13 95
45 74
87 92
4 55
25 76
14 88
0 82
57 68
4 85
68 70
6 53
0 72
50 72
43 44
5 96
54 88
25 26
8 18
36 72
55 85
50 84
50 51
13 96
1 57
43 53
34 40
55 92
2 65
32 40
12 58
31 62
11 69
15 46
34 68
11 92
59 94
63 70
24 94
2 95
30 98
32 97
60 73
26 63
27 65
42 62
23 34
14 59
11 86
26 70
40 81
47 52
8 82
7 24
52 75
32 50
17 82
14 19
23 48
26 80
2 17
17 52
13 78
15 96
57 78
20 53
9 55
81 93
25 42
69 77
28 34
65 66
35 78
9 37
0 17
1 44
47 70
15 97
9 84
33 84
52 62
29 48
30 31
31 51
86 99
48 52
9 67
4 33
70 83
47 86
22 44
54 70
12 85
42 75
25 95
19 81
22 47
60 77
11 15
17 88
12 53
19 53
15 65
25 88
33 60
28 40
9 77
64 91
52 90
32 51
6 33
8 73
25 49
13 47
4 68
30 32
17 60
35 68
80 85
62 98
10 70
32 46
71 96
13 18
73 77
58 75
18 67
8 33
58 85
34 42
20 62
0 8
42 93
74 76
37 66
7 31
42 46
34 76
39 91
17 35
2 26
26 97
4 57
40 49
86 91
61 70
30 59
