1488588256502197819
100
374
degree
1
20 
4 68
31 74
31 91
38 42
0 97
32 86
74 75
41 94
8 44
50 55
12 32
56 72
5 49
17 77
57 96
11 51
48 54
67 87
54 78
2 54
15 46
87 96
16 36
36 92
29 94
37 61
88 92
73 75
12 33
70 92
57 85
46 71
26 86
47 53
20 82
53 75
20 84
21 81
19 91
55 56
26 27
40 66
37 66
18 66
1 30
20 47
46 86
25 32
5 6
18 32
26 85
79 92
32 74
21 83
92 95
20 38
20 65
81 82
20 24
35 67
5 94
68 94
30 45
13 82
14 18
15 48
4 74
34 92
64 82
57 80
50 63
6 69
33 52
35 88
87 89
27 30
63 93
17 25
3 22
53 63
75 97
32 43
7 77
63 90
51 93
62 72
22 89
7 9
28 57
44 54
36 39
23 25
76 90
52 99
18 59
10 88
38 98
60 71
48 58
31 75
31 92
38 44
0 98
32 89
74 81
41 98
8 45
50 62
12 34
56 81
5 50
17 81
58 67
11 54
48 66
68 71
54 92
2 55
15 51
89 96
16 42
37 44
30 37
37 77
90 99
12 40
71 91
58 69
46 93
27 29
47 77
20 95
54 58
20 98
21 96
20 26
55 88
26 46
40 93
37 91
18 81
1 31
20 64
47 68
25 53
5 11
18 48
27 37
82 87
33 37
22 27
37 94
12 60
20 59
72 99
20 87
84 91
20 46
36 40
6 8
12 49
70 93
30 79
13 99
14 36
15 67
4 80
43 65
35 70
66 79
59 60
51 72
6 79
33 95
36 71
33 97
13 38
27 68
22 29
43 82
65 97
30 77
86 91
17 52
5 87
3 28
54 89
79 98
29 88
47 79
51 89
42 71
90 93
72 83
31 98
50 71
20 27
42 73
13 91
50 97
86 93
33 36
7 93
6 35
32 60
2 22
69 87
66 87
53 89
7 69
36 69
65 70
23 62
34 66
20 37
79 83
2 42
7 26
0 4
25 36
13 19
51 78
6 50
29 51
45 91
37 56
3 88
23 80
30 61
3 64
46 99
0 53
28 46
11 50
43 47
26 73
64 86
55 80
77 87
30 95
75 96
18 60
45 53
47 93
42 72
53 82
19 33
30 98
11 33
5 63
29 82
27 73
27 39
28 90
29 62
35 48
8 92
33 34
1 49
40 87
9 42
24 93
49 59
8 39
52 70
17 28
10 49
15 49
78 98
75 93
8 47
53 56
57 63
61 69
32 49
40 75
35 95
5 33
45 60
17 62
54 72
32 77
49 57
24 38
28 56
56 66
9 29
30 60
52 71
30 70
13 87
39 98
38 53
16 33
22 53
51 68
13 15
4 79
8 15
13 60
67 96
14 19
31 76
72 73
88 91
15 40
39 88
45 83
13 53
17 87
37 97
6 74
9 49
40 71
3 11
57 73
69 97
87 88
21 91
34 48
16 72
7 68
27 79
40 42
2 47
5 15
42 75
74 92
18 55
76 83
35 85
48 52
23 58
16 25
88 90
30 33
32 63
3 73
22 70
65 94
15 31
38 54
44 50
37 90
33 89
53 60
53 97
49 71
44 47
12 87
66 76
80 93
9 51
24 26
70 97
40 56
12 72
26 98
47 83
21 92
1 17
74 83
25 42
59 97
4 62
42 45
21 54
61 63
0 30
2 29
5 65
9 69
42 49
22 39
22 88
6 38
12 22
25 43
66 97
19 86
50 84
34 39
15 95
31 73
50 61
82 90
14 16
66 86
84 96
49 95
18 30
57 76
27 89
48 79
1 14
7 54
3 57
11 21
31 95
17 95
75 79
37 93
41 55
24 76
45 76
3 43
73 86
77 83
2 52
21 63
3 91
14 83
8 37
6 46
52 77
24 97
43 71
21 24
0 59
1 62
46 96
25 40
59 79
32 51
53 88
32 41
51 76
43 75
50 89
21 78
28 65
11 42
22 77
50 64
21 38
0 66
29 31
61 97
45 46
20 91
11 55
26 36
11 82
19 51
34 94
49 67
33 72
35 57
23 49
48 65
17 98
29 36
39 94
