1488588256567777421
100
374
degree
1
80 
33 84
14 89
65 98
5 39
29 61
24 89
37 64
71 90
16 55
11 95
25 84
1 82
5 25
4 9
50 96
41 74
3 90
33 89
24 70
68 70
4 92
6 86
41 47
15 92
22 70
76 78
62 80
59 99
15 32
9 74
29 70
8 98
28 48
19 84
24 27
41 80
43 56
45 60
42 66
3 80
59 98
33 83
11 18
27 37
13 71
28 65
37 44
56 65
71 89
67 73
70 78
16 64
3 99
25 93
53 67
12 34
46 54
55 85
26 87
81 93
52 99
66 69
92 95
14 97
10 35
0 25
26 30
18 86
8 30
38 79
10 56
57 92
1 76
47 96
23 74
23 31
2 68
15 58
34 98
11 45
20 36
38 85
51 83
60 66
6 40
8 53
57 94
14 49
63 92
7 36
61 72
17 60
25 46
29 36
88 99
18 77
80 91
21 22
31 75
66 67
5 40
29 63
24 91
37 67
71 97
16 57
11 97
25 88
1 83
5 26
4 10
51 59
41 84
3 92
33 98
24 78
68 87
4 94
6 89
41 61
15 99
22 80
77 79
63 66
60 82
15 40
9 79
29 85
9 13
28 64
19 96
24 41
42 46
43 80
45 86
42 92
3 83
60 93
34 42
11 27
27 57
13 82
28 87
19 78
37 72
57 62
73 82
93 95
95 98
16 80
88 92
4 8
26 45
54 66
12 47
46 96
56 90
27 43
85 91
54 57
14 98
67 95
14 77
20 30
32 81
79 80
15 33
10 49
14 18
26 64
19 32
20 31
8 42
39 68
10 72
59 77
10 80
19 26
1 79
38 62
49 58
24 35
29 88
78 85
23 68
2 73
44 63
15 85
35 89
11 65
20 71
36 75
39 86
0 60
62 76
6 53
3 84
9 49
8 70
2 99
60 63
0 94
60 69
14 79
13 91
66 88
28 81
13 15
55 80
2 34
29 55
1 21
14 19
5 99
32 59
11 19
9 11
27 71
52 75
58 69
69 83
39 65
11 55
32 80
7 55
35 55
64 79
18 23
38 65
26 35
20 49
60 80
19 28
2 81
1 73
30 39
83 95
3 39
26 86
10 58
44 48
43 73
48 99
21 51
10 70
20 87
26 38
82 99
16 22
12 61
19 52
39 66
29 42
67 79
68 72
0 92
64 78
36 40
50 72
33 93
60 78
80 87
50 68
27 98
84 86
26 50
75 98
18 81
6 68
23 85
6 31
50 54
36 99
61 63
30 89
80 99
84 85
80 98
33 50
82 88
59 94
15 67
41 52
24 79
53 69
3 18
36 84
55 93
34 83
2 66
23 40
50 69
54 94
21 33
19 92
7 19
32 58
70 89
4 75
37 60
16 24
47 84
6 82
65 92
1 16
1 67
15 76
41 89
59 69
7 75
74 92
38 56
0 48
32 34
24 66
15 51
20 46
53 84
8 76
57 75
8 92
82 93
72 77
32 77
24 67
44 62
69 70
17 18
18 62
5 82
7 53
87 98
77 78
44 83
59 91
3 93
86 97
6 65
0 84
41 72
56 63
12 42
66 93
91 97
31 48
32 99
25 50
47 79
69 71
8 85
34 41
12 79
59 97
9 68
38 60
29 72
1 66
32 51
25 47
47 63
2 97
75 82
1 38
19 62
10 29
45 78
14 91
40 82
14 93
63 87
77 83
10 55
89 92
41 98
40 99
71 74
13 16
13 65
4 39
47 58
14 72
16 45
42 69
40 96
12 87
37 61
23 90
21 71
72 98
11 58
14 39
44 68
28 80
37 59
17 38
73 86
44 96
48 68
6 22
2 44
20 62
44 54
3 29
14 87
31 32
4 55
47 88
2 7
22 75
0 58
31 83
79 88
79 87
49 82
45 84
25 63
36 49
6 73
19 20
41 87
15 66
32 78
15 63
86 95
23 57
7 77
25 91
13 57
3 96
55 72
85 89
65 68
13 37
34 78
7 96
23 28
1 74
25 58
49 60
42 97
4 88
38 46
2 86
2 48
5 96
9 21
24 50
58 85
23 48
36 88
14 50
36 85
40 81
53 74
