1488588256666221899
100
496
degree
1
33 
69 91
10 98
54 98
71 74
23 32
51 98
25 93
93 98
25 26
34 54
10 88
36 75
61 65
0 98
9 88
16 75
11 99
30 56
73 87
11 49
5 32
9 79
0 16
31 39
66 79
39 63
42 57
26 87
52 87
74 80
6 87
42 85
21 23
7 67
18 78
15 63
65 99
2 87
19 29
34 56
13 72
21 89
5 53
16 80
32 55
28 60
21 59
8 71
17 68
48 70
79 99
19 28
15 61
69 73
35 71
22 97
36 84
3 60
18 33
0 3
53 82
1 31
16 62
9 77
91 92
41 56
27 65
38 56
64 71
38 57
34 86
55 80
3 33
72 74
32 68
10 37
47 77
50 87
44 60
20 98
28 81
14 72
13 24
76 84
43 99
12 57
34 94
40 90
4 32
76 95
36 67
28 48
58 77
21 40
65 96
27 83
22 37
45 66
46 71
54 99
71 77
23 33
52 55
25 96
95 96
25 30
34 59
10 90
36 81
61 76
9 91
12 16
30 64
74 79
11 53
5 34
9 83
31 51
67 68
39 79
42 74
26 99
53 63
75 84
6 92
43 50
21 35
7 72
18 90
15 73
66 98
2 89
19 42
34 78
13 82
22 29
5 58
16 93
32 79
28 82
21 77
8 79
17 83
49 56
82 94
19 46
15 76
70 93
36 40
52 69
23 44
37 57
9 47
3 64
18 53
31 57
54 87
1 33
16 82
29 68
9 90
15 83
42 45
16 52
28 29
39 41
66 69
39 44
40 49
35 66
57 58
3 39
74 97
31 33
29 35
33 48
23 90
32 96
53 58
10 55
37 40
1 77
48 93
40 83
52 63
65 76
34 53
45 73
2 42
13 78
14 32
14 28
21 58
29 62
65 95
24 33
55 79
35 60
15 18
13 51
81 88
45 67
30 88
26 36
25 61
34 58
32 52
12 85
24 25
58 74
36 37
29 65
5 86
20 70
16 89
42 58
6 78
1 66
3 87
79 94
59 70
1 94
32 37
21 93
15 77
28 33
37 76
4 44
9 64
37 91
37 61
46 56
38 65
29 50
59 61
25 63
6 54
25 99
61 87
21 99
14 27
13 45
70 80
61 84
10 47
66 74
1 5
18 51
67 81
1 51
20 59
22 82
6 37
5 80
77 85
28 96
9 71
27 42
13 33
41 90
25 88
21 85
42 68
31 74
54 88
24 80
24 70
74 82
3 5
61 88
73 76
18 87
27 84
18 58
23 38
19 41
18 64
24 64
10 45
90 91
20 85
77 82
18 47
43 84
39 66
59 97
18 56
22 83
35 56
69 95
10 82
11 51
11 32
45 47
26 98
17 55
5 12
31 69
8 20
23 61
21 79
21 56
17 99
28 78
22 89
14 33
13 68
11 61
48 74
22 26
0 74
35 96
58 80
25 31
51 56
55 71
44 74
34 77
43 66
26 72
69 98
33 35
9 53
24 63
10 86
30 91
17 25
50 51
9 55
3 15
19 94
43 70
54 92
73 99
33 73
36 49
12 79
10 53
1 30
34 93
27 33
12 89
31 49
6 57
17 27
50 83
0 39
65 85
1 89
55 86
29 39
20 95
49 68
65 74
0 89
29 85
18 42
7 91
13 16
60 95
19 55
32 50
43 61
9 78
12 83
54 81
31 67
9 86
54 68
26 70
19 83
29 80
18 68
41 52
61 75
8 86
32 90
86 97
2 77
95 97
0 75
24 85
37 42
21 30
3 89
19 96
10 49
3 38
87 99
44 62
2 29
8 50
83 95
5 17
3 19
33 50
4 96
30 65
0 35
17 58
34 63
44 86
44 63
61 94
34 37
33 69
36 71
57 98
15 67
65 71
59 66
19 50
23 27
47 78
16 79
18 29
62 84
29 37
19 54
52 83
59 68
67 79
39 71
5 40
39 86
15 81
52 76
52 72
84 94
62 73
8 11
6 42
12 75
62 85
8 27
47 83
6 58
43 81
6 45
62 75
1 81
63 94
23 42
60 94
26 80
9 20
53 64
4 55
46 77
3 18
63 75
85 89
30 51
54 86
53 88
39 40
42 66
74 96
6 83
52 98
48 69
8 73
32 62
8 47
5 48
14 62
28 39
33 58
76 94
26 95
60 75
88 90
75 86
80 87
21 76
25 44
14 82
5 52
66 81
4 41
1 46
70 94
49 91
8 58
22 35
32 45
41 73
4 20
84 99
5 60
50 55
97 99
24 49
83 97
24 61
34 98
2 70
27 37
27 60
18 41
35 43
21 72
70 72
43 92
10 61
84 85
19 60
28 98
46 57
3 28
19 99
5 97
59 64
79 80
27 81
0 51
8 39
68 78
43 68
56 79
16 20
50 62
67 90
14 25
7 80
87 93
29 60
18 37
46 96
63 67
7 69
46 72
21 62
41 78
72 81
59 84
16 66
41 91
82 89
8 38
38 97
17 38
32 94
38 91
41 89
68 89
1 24
39 57
31 50
49 70
49 98
70 88
12 96
33 63
28 34
51 99
30 39
83 86
