1488588256798802491
100
620
degree
1
93 
75 76
72 74
33 97
16 83
21 58
13 74
13 65
29 76
28 46
29 96
26 53
52 83
62 91
21 43
15 63
87 93
7 82
47 71
14 88
77 96
60 80
62 69
34 91
44 87
1 97
49 91
61 87
1 58
58 80
60 77
15 56
47 49
54 71
62 88
34 59
28 85
0 20
11 84
82 96
46 90
25 96
18 71
32 94
82 98
9 76
35 93
64 84
49 58
32 38
22 58
16 63
43 78
90 93
39 58
71 89
34 35
4 20
36 81
32 41
52 80
15 92
24 74
70 89
23 34
39 74
31 57
19 82
4 17
30 72
21 53
48 49
27 94
55 90
15 99
67 74
3 32
16 51
27 90
2 58
31 51
18 40
5 36
34 86
0 48
45 93
79 87
42 94
50 68
5 71
34 50
10 69
34 64
49 66
1 37
8 26
25 73
12 89
93 95
6 57
72 75
33 99
16 84
21 60
13 75
13 66
29 80
28 50
30 31
26 57
52 92
63 65
21 48
15 67
88 97
7 84
47 83
14 93
78 93
60 97
62 87
35 40
45 49
1 98
50 61
62 72
1 59
59 64
61 64
15 64
54 96
63 81
34 79
29 32
0 21
11 93
85 88
47 67
26 41
18 85
33 51
85 96
9 84
22 23
36 57
65 92
49 95
32 64
22 78
16 79
44 59
33 57
39 93
73 87
34 67
4 25
37 54
32 73
53 81
16 27
25 28
72 93
23 61
40 57
46 97
50 55
31 94
20 28
4 22
31 41
21 81
64 71
49 54
7 71
28 60
57 68
16 39
69 84
3 37
16 76
28 59
20 32
30 33
62 92
2 63
31 98
21 93
63 99
5 46
28 49
2 53
52 96
26 87
61 75
35 79
48 61
0 49
92 98
32 74
41 81
4 97
34 94
13 49
84 87
27 30
90 96
7 69
27 37
46 87
26 54
19 26
43 64
0 94
44 65
7 56
52 66
59 73
35 60
36 98
7 36
55 75
26 85
5 85
2 25
35 61
10 96
55 97
23 64
20 44
54 68
76 95
35 80
51 74
21 47
68 89
36 47
14 55
32 89
0 11
68 73
15 88
1 41
44 80
85 87
0 44
70 93
43 66
71 80
26 44
8 51
29 62
63 80
15 60
20 78
59 63
38 48
10 71
38 64
26 75
29 53
23 90
61 98
15 94
58 85
13 46
29 90
85 95
47 97
23 24
9 61
35 66
36 73
54 76
2 15
12 57
40 58
57 75
0 89
0 77
19 53
31 40
2 48
36 37
30 57
40 50
40 54
0 99
44 85
11 46
45 47
15 61
32 85
64 81
1 91
12 17
72 86
88 89
30 65
8 25
12 16
36 90
60 76
26 34
23 96
6 85
31 34
39 73
45 83
94 96
5 13
13 93
52 57
27 66
30 49
5 58
25 86
80 90
23 70
2 31
50 71
28 65
50 92
27 58
82 83
48 59
37 39
5 66
1 69
3 29
50 72
47 98
49 87
33 65
16 93
76 98
70 72
3 98
51 81
61 69
63 85
39 97
52 93
1 21
67 98
18 92
26 40
57 84
28 57
43 46
53 93
7 10
5 45
52 73
28 62
4 91
53 80
50 67
5 87
4 12
14 82
24 63
57 62
45 94
27 84
19 80
43 99
19 50
1 65
5 83
6 16
49 77
88 90
25 29
61 81
41 61
1 82
75 91
89 92
9 62
15 89
37 61
23 66
0 46
38 63
11 60
57 88
63 77
31 52
3 81
62 64
31 76
24 79
32 83
6 17
45 86
20 73
9 22
49 76
22 51
56 87
78 83
20 46
62 93
96 97
33 68
18 56
51 61
41 43
25 40
9 48
20 91
31 56
72 84
33 95
58 88
2 74
18 43
73 99
37 73
43 92
21 67
37 60
86 96
7 14
32 61
5 80
19 84
77 88
59 90
23 71
44 55
56 92
49 64
57 67
11 53
30 38
24 43
16 81
30 77
5 35
16 54
34 70
32 49
36 80
5 38
19 51
59 65
14 51
46 52
19 33
19 23
55 66
67 70
29 61
44 63
61 88
75 97
19 93
0 93
92 93
0 80
11 89
12 69
32 96
24 55
7 66
6 56
16 47
5 92
89 95
83 96
7 35
73 84
21 91
35 88
58 79
16 65
24 69
58 84
88 96
65 70
30 36
48 82
13 78
29 43
65 80
83 88
15 44
4 42
55 69
18 52
43 60
89 90
63 84
24 82
5 20
65 69
64 89
64 79
50 79
60 91
45 74
24 75
5 15
1 34
63 72
8 22
65 71
29 65
65 68
20 55
19 65
24 46
23 92
32 42
83 98
4 35
7 12
4 36
22 52
7 59
50 53
16 43
2 18
81 98
26 63
35 87
37 51
80 99
40 87
22 44
12 97
44 47
18 26
0 59
66 88
22 26
35 76
72 78
4 18
33 44
54 91
82 88
12 75
46 72
11 69
2 6
53 82
47 58
16 50
31 75
42 47
74 84
10 83
10 50
12 86
1 47
49 51
5 27
81 96
30 52
10 95
8 53
2 75
32 48
60 95
33 63
31 60
28 58
42 90
55 92
30 35
37 47
64 76
4 59
31 49
53 83
93 99
52 67
19 91
8 65
4 73
48 81
9 41
61 62
54 97
8 97
55 63
46 91
30 94
18 48
19 37
56 71
14 44
10 80
5 57
27 33
48 53
10 82
42 85
46 61
58 66
4 37
56 68
8 86
33 80
45 98
27 75
14 97
67 72
14 60
61 96
3 53
45 87
19 21
6 74
1 2
83 86
23 97
8 28
19 47
8 78
69 77
49 71
42 43
58 72
27 62
4 33
27 51
66 69
47 90
51 63
77 93
3 94
62 70
19 92
90 94
85 86
20 27
65 78
44 60
10 88
22 73
2 3
39 92
7 42
1 51
36 38
55 86
30 78
3 96
36 44
26 56
38 53
21 94
77 92
38 93
70 99
12 92
42 95
39 68
43 86
64 68
27 31
85 99
18 81
31 66
18 97
69 78
2 17
13 72
33 77
7 37
19 70
70 76
26 64
26 68
