1488588256518025112
100
374
degree
1
31 
52 94
5 9
59 80
25 85
29 80
11 80
64 95
3 63
70 80
85 96
2 6
73 90
78 91
36 94
65 67
45 68
57 80
61 63
6 17
45 52
18 62
21 68
9 99
30 65
45 76
7 46
21 90
25 38
31 64
85 90
56 82
18 94
6 25
49 94
61 64
19 60
30 48
31 97
32 72
5 51
10 66
46 68
18 71
55 65
33 92
35 65
64 84
72 82
53 55
68 75
25 34
20 96
15 39
7 10
30 75
32 83
72 95
4 87
70 76
38 99
27 89
58 71
4 98
14 25
31 47
0 15
63 88
23 74
39 81
19 80
7 44
39 50
28 32
13 92
5 32
22 57
63 86
43 90
33 99
8 45
7 79
0 46
40 80
23 53
29 78
13 27
42 99
37 61
4 54
1 96
24 39
57 93
4 39
18 77
12 25
14 69
5 41
16 29
6 26
59 81
25 86
29 82
11 82
65 66
70 87
86 92
74 76
79 82
37 39
65 79
45 79
61 77
6 19
45 65
18 68
21 76
10 14
30 77
45 93
7 50
22 23
25 50
31 79
87 93
57 64
19 25
6 29
50 70
61 93
19 73
30 67
32 50
32 93
2 88
5 55
10 74
46 99
18 85
56 58
34 52
2 54
35 92
65 92
74 77
60 74
53 95
69 92
25 57
21 38
15 55
7 18
31 37
33 49
74 99
4 93
72 78
39 79
19 41
90 96
28 49
59 87
5 11
14 43
31 85
65 83
24 31
40 70
20 28
7 55
39 99
28 70
14 28
11 75
22 90
65 91
44 94
34 83
8 59
7 93
69 83
25 75
0 47
41 82
6 98
29 49
23 93
64 72
51 57
30 60
14 37
13 52
44 57
29 96
38 64
32 57
4 63
34 91
28 92
2 3
92 95
2 96
58 92
30 97
2 56
60 83
46 52
89 96
8 48
59 62
50 51
24 91
6 7
60 77
4 50
40 44
23 88
4 14
15 32
38 60
80 90
33 42
21 60
44 62
57 68
61 83
20 82
6 61
49 66
13 84
57 85
22 50
3 61
30 58
49 63
52 64
26 85
14 26
23 91
37 57
22 66
30 94
30 42
58 73
19 51
8 69
18 34
38 94
6 40
63 87
23 44
12 43
67 88
41 75
38 43
66 85
63 98
31 36
8 60
12 66
23 31
5 54
31 82
18 61
50 67
59 94
26 66
56 81
33 35
23 94
54 85
39 55
0 11
62 86
32 95
15 38
87 89
20 35
69 78
49 81
30 52
47 71
16 58
4 23
0 33
48 55
23 62
20 64
45 80
36 51
6 71
37 58
2 50
36 38
80 95
21 47
49 70
3 28
30 68
34 61
2 79
6 10
72 79
59 89
5 65
41 53
13 73
40 53
23 56
50 71
72 93
21 22
56 78
20 52
37 54
7 96
32 59
44 96
21 48
14 52
18 59
40 43
11 18
36 91
44 56
54 89
57 70
50 76
53 58
83 84
39 96
12 80
10 56
21 58
47 99
31 63
9 20
52 96
17 27
41 67
55 63
42 45
36 69
52 79
6 56
58 96
64 88
26 31
42 96
85 95
46 53
67 97
65 76
41 95
62 70
2 73
10 26
13 16
76 98
24 51
5 21
22 47
23 54
31 70
45 63
35 54
57 71
46 71
8 86
6 62
35 77
32 92
3 31
26 69
48 80
30 46
35 96
22 62
16 61
31 67
1 16
16 52
20 31
39 82
3 64
55 73
58 88
26 59
1 45
36 77
7 58
36 61
19 96
28 95
23 46
36 39
54 60
40 50
34 56
82 92
65 81
62 80
39 78
71 74
18 29
63 94
52 98
35 58
68 85
39 74
89 93
6 23
73 77
32 62
11 60
34 50
7 23
18 91
13 83
18 95
50 94
32 38
46 76
14 53
22 29
9 95
10 51
3 8
41 42
28 72
18 32
8 14
15 93
14 73
30 76
78 80
18 31
16 91
36 74
31 56
5 7
30 40
9 77
0 59
5 94
13 55
29 60
57 77
1 72
