1488588256654927368
100
496
degree
1
24 
60 66
24 82
20 65
17 93
24 76
39 68
87 95
51 83
47 61
5 51
0 69
20 96
0 2
59 80
22 83
0 89
11 26
16 41
21 80
14 24
65 85
39 56
21 58
13 83
23 39
90 91
33 87
69 79
9 51
25 76
43 61
64 79
46 61
5 74
24 54
8 90
15 74
95 98
24 69
29 83
43 67
74 92
28 77
70 84
38 69
55 92
89 96
15 37
7 89
15 80
26 34
17 67
49 85
87 92
51 53
14 36
81 82
0 93
8 24
33 46
62 73
31 43
11 61
12 53
1 48
3 43
5 44
44 86
23 45
32 56
18 22
16 34
10 71
75 86
19 86
56 80
24 77
6 48
4 5
40 41
88 97
18 72
73 92
10 50
49 63
20 60
27 63
17 94
42 81
37 88
10 31
27 30
84 88
6 50
30 57
14 35
4 78
54 99
46 52
20 66
24 78
39 71
88 90
51 88
47 67
5 52
21 22
59 91
22 89
0 90
11 30
16 46
21 87
14 29
66 70
39 70
21 66
13 89
23 49
34 37
70 75
9 56
25 89
43 82
65 73
46 84
5 78
8 96
15 84
52 65
24 85
30 34
43 95
76 84
28 98
71 95
24 98
38 98
56 87
15 51
7 96
15 95
26 58
17 84
50 76
51 96
14 51
84 89
0 94
8 34
33 80
5 89
63 91
31 77
11 76
12 69
1 50
3 47
45 80
23 74
12 21
32 96
2 94
30 55
0 25
18 48
16 57
10 87
78 96
12 14
20 36
35 63
66 81
58 66
25 41
6 59
55 71
4 13
41 42
50 78
22 93
32 37
19 24
23 66
33 51
77 90
54 95
45 75
37 46
47 84
50 93
16 91
10 72
50 95
8 92
2 13
13 98
41 92
21 24
29 39
42 83
28 48
29 48
62 66
18 53
71 87
51 89
44 54
46 89
39 45
10 56
37 70
10 65
68 70
27 93
29 56
21 79
56 58
33 97
10 25
6 68
5 62
61 69
43 74
8 43
41 67
33 57
31 65
66 79
7 93
11 93
0 64
37 85
39 66
33 78
29 85
14 77
4 92
15 57
24 87
32 39
73 75
9 18
67 89
18 82
2 73
41 70
58 64
40 51
25 99
73 83
70 85
50 51
48 73
48 76
48 85
70 72
39 98
9 57
86 95
53 96
9 21
6 11
7 61
44 82
22 42
76 78
37 97
18 79
21 86
32 81
34 38
2 28
5 19
0 41
9 69
34 47
38 89
18 49
65 75
9 70
7 50
34 67
6 90
34 97
75 93
11 96
0 34
36 57
18 34
2 54
8 36
17 29
14 27
27 39
22 47
9 60
4 53
73 86
5 98
66 77
42 75
53 75
63 87
38 44
81 95
27 33
28 39
21 38
10 88
37 60
73 81
31 41
6 98
43 48
39 87
60 77
57 67
22 24
44 50
14 54
60 97
28 79
11 60
29 46
25 51
62 78
28 31
59 75
19 90
14 80
17 87
27 57
2 27
82 88
9 81
20 92
14 92
10 76
46 94
22 29
74 98
29 55
68 86
72 81
32 84
62 83
53 74
5 8
47 77
38 83
4 65
55 88
3 34
30 91
6 41
23 26
79 86
25 73
4 16
40 71
7 75
29 35
1 7
79 91
86 98
20 28
76 89
66 93
17 38
81 85
17 31
21 67
46 87
3 30
35 59
2 26
7 41
2 35
7 39
19 23
7 49
12 50
12 80
9 97
24 95
18 55
42 53
37 81
88 96
39 64
3 69
2 49
63 74
8 49
10 28
28 90
18 94
21 30
21 59
66 76
8 26
14 37
53 65
78 85
22 92
67 76
3 18
34 90
22 88
37 84
10 60
31 69
5 37
13 94
30 41
17 39
5 70
86 89
76 95
22 54
7 67
20 35
11 59
26 39
25 84
24 26
23 79
16 64
85 90
61 70
74 91
8 74
16 59
42 80
14 84
47 56
22 80
28 57
72 98
16 82
65 71
21 45
12 72
39 82
76 77
19 49
19 74
0 91
53 61
28 86
23 30
43 91
23 81
9 33
16 47
11 87
2 38
18 67
32 45
18 98
77 87
53 83
83 88
58 68
22 72
70 74
18 97
35 44
20 88
7 29
67 95
5 13
33 54
33 84
44 94
62 95
62 70
49 58
16 81
25 29
37 94
24 48
31 32
54 66
51 99
30 92
7 32
2 56
27 81
46 80
10 98
3 74
72 82
74 83
31 86
70 96
4 80
5 66
42 76
7 28
56 91
11 68
38 65
75 96
31 50
86 96
47 95
19 38
61 64
34 85
18 71
7 45
32 52
29 64
10 55
12 99
45 73
40 79
10 67
8 33
4 68
2 51
23 63
9 40
52 64
31 46
8 64
78 80
26 69
60 73
33 94
5 55
28 93
14 82
24 34
5 49
28 83
63 95
14 83
91 94
53 84
24 55
5 61
55 69
15 34
52 56
2 21
10 18
21 33
70 80
12 75
25 69
2 58
41 61
