1488588256465947497
100
374
degree
1
2 
33 80
18 82
13 99
8 66
24 66
10 58
72 86
9 68
10 18
2 27
4 6
2 29
31 94
8 9
19 31
14 74
9 42
69 73
17 67
30 89
20 49
88 89
45 67
26 90
38 47
32 33
23 77
2 71
4 91
6 70
36 81
58 90
0 20
62 93
0 82
2 87
17 35
19 39
33 62
32 83
22 98
64 87
10 50
29 48
5 22
43 83
17 28
61 86
34 63
16 86
15 32
20 69
23 42
61 74
12 72
24 61
71 89
41 77
66 88
40 82
25 79
49 98
21 41
33 48
7 47
65 92
59 68
38 98
26 39
22 63
48 82
30 45
2 44
59 81
1 21
4 63
61 84
29 99
46 71
28 76
29 54
68 85
61 95
10 79
36 92
31 37
43 78
48 52
64 75
45 55
11 13
31 97
49 53
67 96
35 51
5 57
33 56
3 65
11 60
24 67
10 59
72 92
9 69
10 20
2 28
2 30
8 11
19 36
14 78
9 45
69 89
17 73
30 99
20 56
90 91
45 82
27 29
38 62
32 47
23 88
2 73
4 94
6 74
37 38
59 76
63 86
0 83
2 89
17 47
19 53
33 83
33 39
23 38
65 89
29 70
5 27
44 59
48 98
17 43
62 90
34 91
17 20
15 47
20 89
23 64
62 83
12 85
24 86
73 90
30 48
42 59
68 79
41 64
26 34
50 97
21 66
33 84
7 56
12 57
24 58
67 89
60 89
39 83
26 73
22 93
49 88
30 84
32 68
65 73
35 71
2 48
61 72
7 19
1 23
4 70
63 84
30 74
47 82
24 83
36 88
50 87
29 51
28 84
30 32
39 69
21 38
71 85
70 82
13 75
23 70
61 91
86 92
13 54
10 62
20 43
52 86
37 96
72 93
52 77
31 96
45 47
33 58
9 21
14 58
51 94
18 44
68 74
43 44
48 87
14 40
13 32
49 94
32 86
49 91
54 94
22 31
69 77
67 74
31 49
67 93
14 34
22 39
71 99
0 27
8 64
18 48
47 49
16 28
69 92
19 98
28 92
37 52
27 86
69 70
7 86
49 69
34 87
7 54
14 54
49 83
40 50
30 49
40 48
1 51
63 64
34 89
32 88
28 95
71 90
38 50
74 99
19 70
76 81
11 49
4 51
20 83
76 95
84 92
12 23
51 88
21 83
27 59
82 86
37 65
13 30
15 59
42 45
73 93
6 40
18 35
13 79
69 71
6 33
43 98
34 57
36 77
2 9
40 99
6 45
20 84
35 60
0 87
48 85
37 45
5 79
11 58
30 97
78 95
31 48
10 54
31 55
35 47
3 81
30 69
58 83
33 42
87 90
62 63
36 38
1 12
35 89
18 20
48 91
68 90
60 68
51 62
29 62
11 92
10 87
2 38
24 59
13 64
38 80
29 82
1 19
10 37
44 70
64 72
3 17
48 61
22 33
17 92
2 4
55 71
76 83
6 61
10 89
26 66
64 65
21 35
11 84
65 84
44 97
2 83
12 30
25 90
26 69
86 88
7 79
18 71
28 43
78 84
12 62
61 77
4 21
2 67
6 91
11 94
41 81
66 82
20 37
50 59
42 97
52 93
37 57
30 46
4 56
18 24
46 93
69 98
13 28
18 92
63 96
15 99
39 51
0 9
52 56
20 27
46 77
63 79
69 80
2 50
57 75
5 67
90 99
6 98
30 85
29 65
62 89
1 52
7 71
18 64
14 48
5 83
35 93
3 51
31 92
64 97
5 76
58 65
66 80
15 92
22 51
8 13
23 84
45 97
23 78
19 22
85 93
49 74
7 36
15 22
40 66
53 88
10 92
25 42
6 12
28 33
7 67
2 41
21 67
22 75
3 23
23 36
15 58
53 56
3 64
36 87
55 77
3 67
24 50
50 83
51 61
10 19
37 59
45 92
6 7
56 58
31 75
32 99
42 54
33 45
19 68
60 61
56 93
4 25
46 54
32 92
26 30
11 71
70 98
0 90
0 58
46 84
11 35
82 84
29 89
49 54
15 60
36 82
19 55
52 80
