1488588256823698098
100
620
degree
1
57 
4 66
30 49
52 62
15 43
9 88
18 24
48 78
28 46
32 86
23 60
18 28
76 96
21 28
33 94
32 45
52 77
75 92
61 78
14 86
25 92
59 83
16 99
7 40
16 42
6 49
4 49
30 64
11 55
15 18
93 96
6 72
11 64
10 36
65 74
36 60
42 47
34 76
15 99
36 74
14 36
30 57
33 38
84 99
2 16
80 97
83 84
61 97
19 83
25 66
42 77
34 98
9 36
49 84
0 94
56 63
80 86
30 61
59 63
8 65
16 70
40 63
58 75
51 57
34 99
22 25
0 93
4 27
47 68
1 81
87 88
17 43
1 31
9 35
82 90
1 29
53 82
3 74
21 95
44 75
50 67
29 86
20 91
32 91
2 50
41 87
40 89
45 85
79 88
64 73
59 90
39 44
54 87
1 5
13 82
53 71
26 61
28 37
7 69
4 12
30 50
52 64
18 25
48 83
28 50
32 90
23 63
18 31
77 85
21 33
34 36
32 52
52 89
76 84
61 92
14 91
26 28
60 61
17 23
7 43
16 49
6 52
4 52
30 77
11 61
15 26
14 94
6 76
11 70
10 42
66 70
36 81
42 71
34 97
16 27
36 97
14 47
30 78
33 61
88 90
2 18
83 89
85 99
63 64
20 21
25 88
43 55
35 64
9 45
50 75
0 95
57 66
90 91
30 90
60 72
8 75
16 89
41 45
59 87
52 58
35 72
22 50
4 33
48 66
11 77
18 88
41 80
22 28
1 84
6 71
30 93
17 68
26 32
1 33
15 31
15 16
34 51
9 50
55 62
3 81
24 63
43 90
22 54
45 86
80 81
51 92
30 66
17 25
21 50
18 57
8 22
33 82
33 40
2 55
43 45
42 44
45 51
35 58
47 58
24 72
10 90
19 77
31 80
59 64
67 77
54 96
48 49
79 87
62 79
61 88
60 62
40 64
42 64
58 97
24 29
16 57
82 88
2 93
57 65
67 95
10 45
91 92
24 81
23 67
78 91
8 11
16 32
39 91
10 35
7 71
17 20
56 65
0 10
33 96
1 8
45 65
14 37
60 94
11 56
23 96
83 85
0 40
82 91
50 85
32 84
50 59
49 72
47 77
10 57
1 23
95 96
50 71
44 95
17 19
77 80
63 86
6 83
32 58
16 23
16 74
17 93
23 32
26 35
78 81
22 74
68 83
42 63
45 94
42 62
9 65
72 86
25 44
8 69
75 84
74 87
27 81
2 90
32 51
21 53
12 47
2 51
22 92
11 95
8 61
45 58
46 84
41 57
56 93
45 48
58 72
6 20
5 66
10 59
23 30
27 70
42 95
29 75
20 80
0 57
0 35
42 75
76 89
23 57
54 84
58 59
42 48
31 89
51 98
34 38
32 62
57 91
45 95
1 66
43 97
22 23
16 59
7 74
52 61
38 86
17 96
36 99
3 31
8 15
16 62
26 38
15 95
18 69
2 39
10 18
29 73
52 65
21 91
13 99
40 49
62 86
25 56
4 24
7 70
42 91
12 53
32 95
36 79
78 87
29 80
39 49
30 98
30 88
55 95
65 90
5 61
39 98
4 46
20 37
24 71
4 36
39 95
28 91
18 75
41 74
9 14
4 57
47 48
50 84
6 61
53 66
76 87
47 99
63 88
12 51
8 68
19 76
25 79
33 87
17 76
25 30
19 66
70 83
52 69
45 52
35 51
46 48
17 50
44 93
57 67
24 37
9 69
18 40
27 37
18 63
11 18
26 42
28 78
5 24
64 92
25 71
58 92
44 84
37 64
27 90
45 69
59 69
31 69
21 71
43 64
0 29
21 59
19 25
45 88
52 54
7 76
64 93
26 41
59 67
76 93
37 95
17 51
17 62
11 44
26 44
43 53
51 96
39 79
1 99
53 58
25 38
41 92
30 48
2 11
29 68
45 80
32 36
37 43
4 20
71 76
35 52
45 68
9 74
55 84
38 49
70 89
73 87
2 21
9 70
1 65
82 95
33 54
2 17
10 34
22 77
32 87
7 77
89 92
78 86
21 38
21 68
25 91
20 86
3 38
21 36
9 29
13 80
15 77
13 23
9 13
74 95
27 36
4 47
5 8
4 86
22 51
69 73
27 97
69 86
8 46
16 83
82 85
61 84
13 51
44 85
57 97
21 61
39 83
29 31
18 74
85 96
34 87
52 67
10 96
4 7
11 74
64 84
43 44
69 71
0 69
5 83
13 52
54 93
9 19
69 89
23 95
58 64
22 88
23 88
81 93
9 54
38 95
32 46
9 38
64 80
34 65
45 90
55 91
16 18
58 89
79 86
57 74
34 46
26 46
64 87
11 83
1 73
28 71
21 96
11 24
26 50
4 42
38 94
2 66
52 66
50 98
14 90
52 60
80 89
30 47
15 81
66 83
55 99
2 35
65 76
12 34
37 62
11 96
35 96
54 58
11 79
51 85
18 65
2 28
37 63
8 43
23 31
57 83
31 43
29 53
56 85
14 24
60 69
59 82
36 38
10 13
65 66
27 46
53 74
23 41
26 91
2 44
21 69
59 84
25 42
27 51
18 58
14 59
39 70
76 79
53 93
43 93
65 91
54 85
81 88
6 81
33 36
87 96
76 94
15 30
22 56
41 95
33 55
34 60
21 82
46 54
16 79
19 30
7 8
10 33
12 78
72 87
0 59
11 57
70 99
22 59
14 82
64 99
1 57
4 96
74 78
59 96
18 86
22 90
55 70
2 88
22 83
52 70
48 67
2 72
17 70
24 57
8 27
1 70
38 61
46 98
60 85
11 94
34 66
53 95
72 80
10 26
3 72
0 51
26 97
50 93
29 89
69 75
32 53
58 96
67 85
44 74
6 58
1 10
3 22
18 91
81 82
37 41
31 74
64 96
20 70
27 31
92 93
15 79
32 97
70 90
16 72
27 85
44 62
36 91
39 48
25 54
26 58
16 29
76 78
46 57
20 51
23 28
48 58
8 92
39 54
