1488588256678370838
100
496
degree
1
44 
23 98
24 70
30 80
38 74
60 98
32 33
22 43
5 59
56 93
54 94
44 46
49 82
8 37
44 78
68 91
6 77
43 52
13 75
4 16
69 85
18 58
26 70
10 41
66 86
6 99
0 61
5 60
13 43
67 79
82 95
47 70
13 20
13 26
6 36
48 83
2 29
81 94
12 90
57 85
8 64
0 11
56 86
0 65
48 61
27 43
21 68
42 55
43 89
34 42
59 76
55 80
64 93
5 17
17 21
78 92
6 53
54 59
58 84
37 68
15 80
18 24
44 55
25 41
12 86
63 75
7 93
0 90
6 20
73 90
13 49
6 97
63 79
32 69
59 92
1 13
94 96
27 39
30 32
4 91
9 77
31 52
2 18
17 58
28 46
38 97
25 26
3 94
14 63
23 72
45 75
6 88
19 98
63 71
70 87
40 87
41 50
33 35
51 66
62 66
30 81
38 76
61 63
32 36
22 45
57 58
55 57
44 53
49 91
8 39
44 87
69 73
6 79
43 62
13 79
4 17
70 74
18 65
26 80
10 45
67 75
7 10
5 63
13 50
68 73
84 92
47 92
13 28
13 34
6 40
49 58
2 31
83 96
12 99
58 75
8 71
57 77
48 93
27 64
21 85
42 86
44 66
34 69
60 79
56 77
66 71
5 22
17 38
81 87
6 60
55 60
38 43
15 98
18 44
44 98
25 69
13 16
64 96
8 12
0 91
6 28
76 82
13 67
7 15
65 73
33 43
61 77
1 15
45 77
27 76
67 85
30 73
57 72
4 99
16 34
9 92
31 96
22 34
2 22
17 86
0 44
28 89
67 78
45 85
23 54
27 62
39 98
22 28
79 92
33 55
37 69
34 49
8 63
25 72
4 7
14 92
77 86
44 73
44 97
6 75
79 90
24 45
47 50
23 70
39 93
7 60
29 70
0 74
10 64
59 94
12 14
9 53
7 13
6 44
2 23
8 17
57 69
49 77
41 48
60 85
62 92
5 53
11 51
3 26
20 92
39 90
22 95
20 69
29 81
11 64
49 87
44 85
88 96
27 34
27 56
66 98
90 93
19 56
24 76
46 74
7 23
0 59
11 98
76 78
32 87
30 59
7 18
42 78
64 73
11 44
21 89
39 60
91 92
32 52
61 86
42 71
10 19
2 80
26 87
8 61
72 87
65 66
22 90
19 61
87 99
21 73
0 73
33 67
12 77
1 69
84 93
29 50
4 32
50 76
2 94
34 89
55 74
30 84
0 88
34 80
14 80
14 94
44 92
54 84
10 27
67 73
5 68
35 81
47 52
36 93
49 59
54 70
30 61
15 76
10 36
15 35
80 95
51 96
7 42
19 85
54 62
43 72
50 56
74 82
30 63
9 94
18 54
16 65
39 55
42 96
29 33
11 21
39 99
24 50
52 68
9 30
25 67
69 95
66 95
15 66
63 65
4 83
39 40
21 32
43 46
4 70
6 9
36 79
33 78
73 94
35 97
59 90
76 96
39 74
8 38
0 24
20 73
6 65
22 47
35 44
20 54
20 77
45 93
44 82
3 67
40 69
15 99
30 65
30 79
5 72
79 96
25 29
55 83
17 68
8 49
17 27
79 80
29 80
11 77
47 97
75 89
9 78
19 39
70 73
86 91
4 40
10 12
42 47
69 89
27 87
36 88
45 91
9 37
9 38
12 98
25 98
10 99
65 74
43 77
7 11
16 41
21 83
36 84
59 82
30 97
5 25
6 37
48 69
18 32
12 37
19 62
6 21
1 71
40 99
48 60
55 56
53 85
2 63
53 93
14 93
27 28
84 95
19 45
40 83
20 64
13 53
48 77
25 84
5 36
0 85
63 92
10 11
23 48
5 62
35 99
11 59
30 89
12 95
56 75
24 26
46 63
19 28
9 52
34 40
56 72
7 40
17 61
24 66
59 70
62 96
43 56
77 80
2 30
8 80
45 59
3 75
51 87
5 30
46 48
55 88
19 51
11 74
51 85
4 95
69 76
50 92
43 54
10 20
37 94
47 58
36 52
41 91
28 38
50 82
5 31
18 63
19 53
53 69
44 61
35 76
1 32
40 50
22 99
37 85
46 88
36 59
43 59
17 44
8 62
40 79
19 71
33 76
0 98
51 76
4 41
21 43
6 23
56 66
11 18
37 88
64 71
91 94
32 39
27 44
7 61
27 95
29 49
23 31
44 62
15 95
85 94
5 56
10 91
28 44
11 56
11 88
90 97
92 96
14 58
21 81
28 56
31 82
13 90
34 81
40 63
30 71
15 22
3 47
9 22
36 74
51 84
16 28
4 93
72 92
17 53
35 73
45 92
55 84
40 94
20 24
47 49
43 64
5 89
2 44
35 58
2 57
53 67
33 73
15 73
62 80
23 52
12 21
12 35
73 91
37 67
40 41
52 69
20 32
29 99
3 76
43 92
30 36
24 69
34 63
11 92
25 90
0 57
14 67
8 91
7 69
84 98
57 95
1 49
14 37
27 59
78 83
53 73
58 93
8 67
3 73
86 97
1 95
32 34
33 91
