1488588256482898714
100
374
degree
1
89 
79 90
77 92
47 53
35 66
5 76
22 61
12 24
3 77
37 84
6 44
21 32
6 56
57 76
64 78
11 19
33 48
42 93
1 6
2 60
6 68
37 97
77 80
6 60
69 70
40 60
33 55
53 69
73 98
47 52
83 98
65 95
65 88
44 58
21 38
4 52
20 65
81 98
28 99
65 76
40 54
64 91
19 35
43 71
23 99
31 49
3 89
61 84
59 86
14 64
37 69
1 3
28 71
38 47
18 46
61 68
38 49
28 58
64 79
78 87
86 95
63 80
60 62
42 74
61 88
4 72
0 53
71 87
17 92
21 85
61 96
12 91
12 66
19 94
39 83
51 60
9 10
41 71
65 83
4 16
42 86
13 32
15 92
44 45
21 48
10 29
36 37
46 92
25 80
18 67
26 29
26 93
30 59
82 96
46 75
5 50
8 88
19 34
7 56
27 92
77 93
47 55
35 68
5 77
22 63
12 26
37 89
6 45
21 36
6 57
57 86
64 90
11 22
33 56
43 48
2 61
6 70
78 79
6 63
69 91
40 76
33 69
53 90
74 99
47 72
85 97
66 89
66 83
44 80
21 51
4 55
20 78
84 85
29 47
66 76
40 79
65 93
19 49
43 99
24 42
31 72
3 93
62 87
60 87
14 77
38 39
1 4
28 97
38 80
18 64
62 78
38 84
28 86
65 96
81 86
64 98
61 76
43 61
63 70
4 78
0 54
73 96
21 70
28 65
45 75
18 35
67 88
22 37
63 86
41 77
13 24
61 87
12 84
20 43
40 75
52 75
53 62
9 25
42 70
61 63
67 95
4 23
40 89
40 98
1 94
50 73
36 75
43 93
13 56
1 2
13 55
40 52
16 38
45 60
29 72
22 78
21 88
4 21
10 49
33 64
83 89
4 91
53 80
57 96
51 81
93 97
45 93
37 43
23 68
72 80
37 41
2 11
44 70
41 47
48 77
75 95
26 63
58 86
19 30
4 26
74 75
5 7
26 89
15 95
26 60
27 84
0 19
60 95
10 69
6 12
11 33
41 54
41 97
2 89
42 92
75 99
11 96
24 56
26 36
0 94
3 79
22 95
44 50
5 99
33 51
7 19
80 92
57 75
18 27
31 75
64 82
62 75
61 79
20 37
42 56
22 69
93 99
48 96
66 68
10 59
46 88
57 66
59 72
5 70
39 89
21 42
49 66
2 45
69 72
65 77
77 95
41 76
55 56
3 7
53 64
43 80
1 8
65 78
85 90
38 93
24 37
11 16
33 70
66 82
24 57
20 61
14 36
6 66
43 60
35 47
19 93
24 68
10 53
53 96
90 92
4 76
9 35
9 21
31 62
80 89
19 82
67 94
32 53
25 83
38 92
48 57
20 35
18 59
14 96
58 89
15 96
4 14
26 44
72 86
36 71
19 53
3 78
44 86
17 19
16 20
25 50
55 89
6 10
56 68
1 43
11 38
55 64
68 78
9 87
4 37
63 96
40 53
26 31
91 97
67 80
6 94
46 85
11 29
18 84
18 95
9 68
45 83
27 65
38 88
52 87
1 46
10 92
82 99
63 78
6 25
12 59
37 63
7 36
10 39
54 71
7 98
4 28
56 89
5 11
52 86
17 38
11 89
50 68
65 97
66 94
33 87
44 46
9 96
41 44
0 18
63 73
57 84
41 96
34 46
73 76
16 67
62 68
4 48
38 75
25 29
30 54
52 64
24 64
41 92
2 32
17 43
33 34
17 41
48 74
45 73
27 31
65 99
32 56
30 82
86 89
53 91
38 46
17 73
14 82
27 52
52 89
46 84
90 99
3 96
6 24
28 64
19 68
75 78
58 98
1 90
31 47
68 89
10 83
12 14
31 91
28 44
31 94
31 54
16 21
18 58
24 36
45 70
36 82
5 84
60 82
79 91
39 46
31 65
30 66
1 44
32 57
67 90
76 86
54 62
30 99
27 41
14 17
0 79
10 65
54 68
6 93
59 84
60 97
57 80
36 48
