1488588256582254616
100
374
degree
1
26 
4 76
0 70
32 75
21 37
28 68
29 57
41 71
26 61
85 93
20 86
6 77
14 83
51 70
9 51
58 84
61 72
20 21
6 47
27 63
6 82
41 51
39 47
4 68
25 26
54 89
29 35
34 51
37 63
72 92
8 94
2 10
12 49
0 26
1 63
30 96
59 88
20 58
51 82
1 52
58 89
10 83
55 66
4 85
53 78
8 82
57 61
15 39
7 76
40 63
28 66
50 85
82 90
26 73
23 77
26 99
16 60
21 90
36 83
55 80
13 58
43 65
74 86
22 49
12 23
27 48
19 20
69 81
7 57
46 57
5 32
19 31
17 63
16 17
55 69
19 75
44 67
31 65
44 63
3 8
50 78
30 39
57 79
14 55
18 48
24 35
67 88
45 68
36 98
22 87
60 95
10 62
12 56
19 91
38 50
4 33
97 99
42 71
64 69
11 90
32 76
21 38
28 70
29 59
41 75
26 65
86 87
20 89
6 78
14 86
51 80
9 53
58 95
61 85
20 26
6 49
27 72
6 84
41 64
39 60
4 70
25 36
55 64
29 48
34 66
37 79
73 92
8 99
2 11
1 64
31 46
60 79
20 72
52 63
1 53
59 81
10 91
56 57
4 89
54 67
8 89
21 81
57 99
15 52
7 83
40 95
28 90
51 76
85 96
26 98
23 99
27 53
16 77
22 36
37 57
56 85
13 74
44 52
76 98
29 84
22 75
53 77
12 38
34 74
27 81
58 94
77 89
19 45
71 90
7 68
47 58
5 40
19 58
17 89
16 40
56 91
20 25
45 70
32 42
5 96
75 81
5 25
21 68
3 14
9 15
71 72
32 54
52 54
30 88
62 97
57 86
35 64
29 44
3 26
7 54
59 82
16 39
4 35
18 84
19 95
83 99
24 82
70 98
25 41
13 93
42 96
19 29
61 88
46 97
54 78
23 40
74 84
38 48
20 29
5 49
46 81
23 62
48 56
36 88
25 62
16 88
1 91
16 59
63 98
83 89
15 29
18 53
7 50
52 61
17 18
10 90
23 87
5 21
91 99
52 66
24 45
29 46
21 91
24 75
18 31
67 95
27 70
23 98
70 82
17 81
29 86
21 62
26 50
12 94
27 90
41 99
25 28
51 90
32 52
75 89
17 56
20 73
25 55
48 69
55 59
55 57
66 68
9 76
26 49
13 50
37 62
9 48
40 45
15 62
66 94
73 91
8 74
4 49
0 73
42 88
26 47
78 81
48 76
23 94
4 94
86 91
7 22
66 97
30 32
22 91
53 70
9 36
35 67
9 55
19 33
12 63
13 63
93 94
7 60
4 8
57 66
45 52
39 52
28 73
3 58
46 99
34 76
44 95
10 18
88 91
23 30
14 99
24 49
11 41
37 55
17 61
30 57
70 84
22 25
13 75
65 81
66 98
20 96
8 30
24 29
21 47
13 79
56 58
15 96
19 50
30 95
35 79
73 99
57 84
20 23
8 78
41 59
15 79
22 23
84 85
0 62
47 52
1 35
68 89
23 66
63 92
58 82
36 94
41 72
27 31
56 79
28 81
20 34
29 63
55 81
55 70
1 88
9 23
73 96
16 33
22 45
38 96
55 62
19 96
12 68
40 58
42 72
14 23
20 46
34 67
1 44
46 93
26 89
82 86
12 79
31 71
3 95
22 77
68 99
0 37
40 83
13 38
6 69
18 21
41 82
0 24
14 53
40 85
39 98
37 70
60 85
13 42
29 30
79 80
51 68
16 91
9 64
64 73
25 71
40 78
30 41
37 71
53 89
44 46
68 78
76 94
24 98
74 95
23 84
21 83
24 46
41 91
42 92
45 82
42 51
33 68
14 21
25 93
29 78
52 71
56 87
0 14
14 60
43 83
4 92
11 61
10 51
49 99
7 99
13 18
42 57
23 42
36 79
70 73
16 74
18 98
10 14
72 93
50 51
49 80
3 98
26 28
22 42
6 56
26 90
45 61
84 93
22 44
32 46
7 26
91 96
36 93
19 84
52 74
