1488588256642751602
100
496
degree
1
87 
72 73
24 34
44 84
55 56
46 83
23 45
27 51
44 54
0 48
44 80
2 28
4 87
50 85
30 79
35 97
14 58
65 75
59 89
33 81
55 69
52 91
47 71
9 50
51 57
31 64
44 53
12 95
88 89
33 64
50 67
41 77
29 87
36 98
22 55
38 87
33 52
31 79
16 34
22 96
25 38
20 60
73 86
87 99
14 87
50 89
39 65
89 92
1 18
78 90
84 86
16 18
57 59
43 80
14 33
72 75
38 83
28 33
16 49
27 37
34 58
40 91
61 88
10 13
29 76
11 75
31 77
49 74
7 40
66 75
0 67
1 93
35 37
75 76
10 74
45 57
42 49
50 93
31 98
29 68
32 57
47 78
30 90
21 88
14 17
6 67
75 94
17 22
0 60
29 62
5 94
8 88
19 22
63 93
6 26
3 23
15 32
84 95
63 82
51 70
24 35
44 85
55 59
46 85
23 47
27 54
44 59
0 49
44 87
2 29
4 88
50 95
30 86
36 42
14 62
65 89
60 64
33 92
55 85
53 61
47 87
9 54
51 74
44 70
13 15
90 97
33 80
41 97
30 34
37 55
22 68
39 48
33 72
31 99
16 45
23 36
25 56
20 75
74 99
14 99
51 75
39 94
1 19
80 98
87 96
16 33
58 61
44 61
14 47
73 99
39 58
28 61
16 66
27 65
34 92
41 72
63 68
10 25
10 12
30 40
11 89
32 46
50 75
7 50
68 74
0 68
1 96
35 79
78 80
10 90
46 57
43 45
52 58
61 67
32 74
88 90
33 36
48 88
31 67
22 44
14 40
2 42
6 79
59 83
79 94
61 85
17 51
32 65
7 67
0 61
44 63
14 31
52 94
63 65
25 60
24 51
56 83
23 74
30 47
89 93
1 42
57 68
30 59
76 86
6 14
9 18
1 41
71 93
19 63
28 50
59 67
27 97
35 80
66 98
19 83
23 77
28 76
39 54
1 49
6 41
14 20
17 43
0 35
24 28
1 50
68 83
13 54
3 32
61 73
18 51
26 27
54 78
72 81
15 72
22 24
25 48
38 45
14 68
30 46
11 12
13 92
22 82
78 83
67 82
70 94
28 41
54 98
6 77
18 19
22 46
2 54
25 52
17 73
48 53
41 48
5 54
43 47
55 76
50 94
8 20
10 84
3 39
19 23
8 21
60 65
45 47
9 77
47 91
4 29
10 51
50 96
33 59
9 31
57 76
0 69
23 54
11 44
44 64
19 61
5 87
4 44
7 19
69 71
87 88
22 69
24 53
6 59
20 90
68 85
45 70
23 30
27 74
39 57
12 13
36 62
14 65
61 68
14 18
32 79
38 50
77 88
3 79
16 69
91 97
5 24
74 85
25 70
8 92
11 17
1 55
31 60
39 73
1 99
13 68
50 65
24 78
9 10
27 86
34 76
53 97
39 77
75 77
32 67
20 37
34 74
51 81
25 37
72 88
43 84
37 39
43 62
45 77
27 69
2 63
16 74
27 79
13 60
11 96
13 76
44 86
36 48
56 84
62 77
41 85
47 74
20 30
74 87
22 23
35 78
80 81
28 52
67 86
5 70
25 71
42 51
2 86
54 68
43 73
66 77
2 35
96 98
72 99
22 35
0 87
65 76
48 73
32 70
11 88
13 65
37 94
46 91
21 29
19 82
12 42
15 59
16 67
28 68
12 98
25 68
36 94
37 38
1 46
40 79
47 53
7 87
63 83
9 19
26 87
25 98
26 44
14 25
53 88
32 45
11 13
64 65
51 59
29 67
15 93
12 30
35 87
13 27
8 87
36 82
9 60
0 90
3 9
86 96
67 85
42 61
21 68
6 65
11 32
33 77
14 57
38 98
2 26
3 17
1 72
10 67
17 85
14 24
33 79
24 57
20 93
8 78
9 86
34 53
23 93
45 96
24 36
33 85
6 35
65 68
13 28
2 91
17 62
20 64
31 52
4 49
39 86
0 5
10 29
17 80
9 72
19 38
5 16
10 28
16 83
47 58
42 55
7 80
23 39
84 92
57 82
38 95
55 81
21 75
59 71
4 97
42 56
33 87
70 92
27 94
26 93
13 43
18 59
83 84
93 96
52 53
30 76
16 99
59 73
27 98
82 90
24 66
25 73
15 77
32 48
0 39
72 87
19 51
89 94
58 89
48 95
8 62
33 86
35 75
56 80
53 78
20 73
5 61
13 44
12 84
44 67
32 92
44 77
65 66
24 48
30 63
53 54
31 86
39 72
7 93
2 47
1 97
56 68
64 94
6 97
19 45
9 28
20 71
12 97
50 86
8 28
29 42
21 91
34 78
14 98
8 36
15 70
67 71
26 96
78 99
86 97
26 99
16 86
15 85
3 7
1 36
26 49
19 36
59 87
22 90
38 90
39 98
18 47
10 77
77 92
22 83
2 53
16 40
2 66
35 65
1 38
12 48
13 56
22 38
27 80
19 28
76 79
35 41
20 47
5 74
47 69
17 24
1 77
42 43
10 80
58 83
9 73
19 78
52 86
