1488588256714040832
100
620
degree
1
56 
40 93
4 84
2 15
1 51
21 37
69 94
10 81
1 37
7 22
49 66
25 56
81 97
19 75
28 76
21 61
20 97
25 74
19 56
88 89
22 32
12 50
15 95
19 53
53 72
34 58
61 99
67 75
55 93
8 16
6 41
2 31
33 85
49 84
24 88
2 44
16 87
60 72
49 82
21 89
42 62
13 80
57 81
23 82
56 57
45 78
13 44
46 71
31 87
50 83
63 80
32 72
5 39
26 89
56 73
45 57
34 52
3 49
73 89
58 86
20 42
41 77
6 45
5 38
8 74
43 63
50 86
57 64
40 73
23 71
67 79
12 56
3 90
32 90
54 68
5 64
29 49
9 76
26 27
0 15
21 92
28 92
18 88
21 36
65 91
47 61
11 59
17 38
86 91
31 68
85 88
37 96
35 64
8 70
0 59
30 71
44 98
14 59
30 48
49 94
21 38
69 98
10 82
7 23
49 73
25 60
82 91
19 79
28 82
21 66
21 24
25 81
19 62
89 97
22 40
12 55
16 18
19 61
53 91
34 71
62 83
67 99
56 72
8 21
6 44
2 33
34 38
50 59
25 29
2 45
16 98
61 65
50 60
22 27
42 88
13 90
58 74
24 25
56 92
46 56
13 56
47 53
32 45
51 72
64 88
33 34
5 45
27 42
57 74
45 96
34 84
3 53
75 94
59 95
20 64
42 60
6 53
89 93
8 85
58 65
44 53
12 99
6 21
51 91
58 80
41 61
24 26
22 44
69 84
12 73
3 95
33 67
33 40
27 48
55 88
5 73
97 98
23 60
29 92
9 91
26 66
2 65
3 37
25 67
3 35
22 52
29 69
7 97
19 41
15 59
21 73
64 71
68 85
48 84
4 61
11 81
17 71
67 84
9 16
2 67
17 80
42 61
35 81
43 83
32 61
57 98
48 98
40 65
15 74
47 74
4 74
8 14
4 28
4 32
11 86
49 64
7 36
6 77
52 94
0 13
2 72
4 30
39 57
26 44
36 81
9 60
8 93
5 40
33 62
77 91
51 70
0 60
14 25
3 8
29 93
22 70
6 64
31 81
46 96
33 46
0 87
26 93
19 50
27 33
60 67
9 22
15 18
4 45
15 90
4 38
42 97
43 48
18 82
26 82
0 64
60 76
23 44
25 78
29 37
20 88
55 81
14 69
38 50
12 75
22 34
11 35
55 82
4 78
31 75
3 33
46 57
60 98
59 81
6 75
57 97
8 27
2 23
31 44
55 56
30 42
28 60
41 91
70 82
29 73
53 98
74 77
80 90
6 92
21 43
42 86
4 76
31 45
35 49
14 56
4 80
37 92
29 42
17 70
4 88
1 95
52 72
74 82
38 85
58 90
21 97
80 98
9 46
67 86
54 69
30 80
75 88
7 14
10 51
66 83
1 41
13 92
6 90
79 82
19 47
56 88
83 88
52 87
48 50
48 58
29 70
53 93
35 59
3 23
21 49
53 87
30 52
56 75
54 73
22 78
30 70
52 78
64 68
28 85
23 92
59 62
33 72
1 97
26 96
72 83
7 43
10 63
8 54
25 26
16 71
80 84
8 75
39 47
7 71
26 98
7 42
24 62
60 64
2 78
51 87
27 58
77 97
38 77
43 95
18 22
13 31
49 52
57 63
31 69
26 45
24 59
4 95
9 29
35 65
53 56
42 43
62 84
17 59
42 58
0 68
17 93
10 57
8 38
12 42
12 18
34 40
43 86
20 72
15 32
7 26
77 82
29 88
0 45
23 64
55 73
36 59
41 51
0 47
10 50
14 84
76 95
41 43
73 75
6 98
23 55
34 60
46 92
43 58
39 97
23 48
0 53
63 86
13 69
64 84
61 82
18 50
52 62
20 43
16 54
5 34
40 72
80 92
29 74
52 60
25 98
52 96
11 42
22 64
91 98
53 74
48 53
9 15
21 68
37 58
0 92
13 94
3 38
6 51
15 61
41 52
13 85
13 61
11 51
68 95
41 54
27 51
14 51
24 99
52 81
24 37
30 37
36 54
3 47
45 91
32 55
35 68
18 34
3 45
15 89
19 65
12 46
4 48
38 56
33 56
5 6
37 72
43 97
10 84
86 96
8 23
53 80
84 92
2 96
34 41
22 59
3 93
39 95
34 72
4 79
2 74
53 71
19 37
86 90
1 28
26 71
21 88
5 19
12 94
93 94
7 45
66 84
15 42
36 51
62 92
61 74
56 59
36 90
12 66
35 51
27 90
21 50
27 35
6 8
85 93
11 80
1 87
38 49
4 86
76 99
84 87
38 48
5 61
71 87
16 56
7 37
19 76
15 67
52 73
28 35
44 91
85 91
29 59
1 16
11 14
1 38
49 87
18 29
73 84
35 42
20 57
46 95
0 44
90 95
27 41
96 98
20 56
10 88
35 44
10 45
48 74
11 37
16 75
43 47
3 15
47 86
80 94
68 94
11 93
74 87
39 93
51 84
71 85
12 28
11 40
0 29
3 76
25 30
19 64
13 77
84 85
30 79
15 35
59 60
7 12
65 81
16 41
16 23
8 34
41 98
13 86
9 57
38 81
12 98
37 74
17 21
68 83
12 84
25 64
40 56
47 68
79 97
0 39
7 74
5 86
26 77
33 70
27 30
35 46
49 70
16 22
45 53
9 53
39 94
2 43
13 26
24 55
69 80
39 79
20 35
1 6
54 62
21 78
56 66
0 23
15 19
55 79
1 66
58 75
60 92
29 71
13 99
10 94
0 71
0 34
43 59
70 89
37 84
43 87
87 92
6 34
31 71
87 88
6 78
63 95
19 48
42 75
54 99
5 66
10 14
55 99
5 17
62 73
6 57
3 43
38 68
2 13
13 62
52 84
40 71
71 78
24 97
2 55
3 54
14 41
66 80
21 56
63 76
11 28
11 99
38 75
47 72
26 76
38 47
27 49
47 54
11 55
20 59
52 68
25 40
50 61
26 97
13 66
20 25
78 80
33 76
28 40
75 86
28 45
47 51
13 82
7 93
0 55
