1488588256836512286
100
620
degree
1
62 
27 70
1 39
39 73
30 35
12 68
45 93
29 73
75 76
0 70
56 60
15 96
18 34
60 67
7 25
53 63
74 89
74 95
39 82
15 93
82 94
35 55
64 68
39 41
27 80
19 47
57 64
42 61
33 94
16 95
45 63
36 38
61 91
14 69
7 9
27 87
44 51
0 45
15 23
16 86
48 84
31 35
57 71
24 35
13 57
3 28
5 81
76 78
49 53
32 81
62 86
60 62
31 38
22 92
28 57
52 98
23 24
51 57
12 48
51 99
17 34
18 42
45 99
48 76
2 96
64 69
33 85
43 45
69 73
56 59
20 62
91 99
6 65
11 12
25 39
86 90
70 89
29 88
33 83
5 14
26 93
66 87
14 47
15 65
6 54
46 95
10 26
40 63
30 52
72 78
37 67
3 92
1 97
4 36
8 39
61 77
30 50
2 21
36 79
58 59
39 75
30 37
12 69
45 97
29 76
75 82
56 68
15 99
18 38
60 78
7 27
53 74
75 80
75 86
39 93
15 98
83 97
35 67
64 86
39 55
27 92
19 55
57 85
42 79
34 45
17 21
45 83
36 56
62 81
14 78
7 13
28 32
44 76
0 46
15 34
16 97
49 63
31 56
58 63
24 53
13 68
3 31
5 86
78 79
49 89
33 42
63 92
61 66
31 65
23 37
28 83
53 95
23 47
52 53
12 62
52 97
17 52
27 64
18 63
46 90
49 73
3 4
65 92
34 58
43 91
71 78
12 81
15 95
57 75
20 89
17 36
6 75
2 37
11 28
25 42
25 74
3 53
34 49
65 99
73 85
30 63
34 67
32 51
46 62
88 89
5 23
90 94
87 94
0 25
51 64
27 66
14 56
69 82
14 73
15 94
57 69
32 38
27 63
2 8
33 40
69 81
6 67
56 64
81 92
33 86
19 94
26 33
32 76
7 80
48 77
50 62
8 20
10 49
39 57
84 97
62 94
41 86
10 18
83 96
5 71
79 98
31 51
3 48
70 98
42 80
43 49
5 38
90 99
77 86
35 82
47 69
6 10
48 63
26 32
19 56
11 63
38 96
68 86
17 31
4 9
2 6
4 49
8 64
21 65
11 97
50 78
65 70
18 94
56 93
72 99
19 73
72 91
32 57
50 65
23 97
36 62
23 93
20 64
1 88
31 71
27 85
38 41
57 59
53 93
20 53
34 69
29 34
49 98
57 60
5 74
16 37
59 90
94 98
29 98
60 63
58 83
26 64
13 82
5 78
2 30
52 80
44 77
31 55
11 14
5 64
14 67
89 90
46 94
47 62
22 43
39 70
39 48
48 53
18 33
28 76
9 78
0 2
43 56
36 66
55 69
10 45
49 71
18 21
52 59
37 97
50 89
40 50
27 46
14 55
38 47
13 87
57 68
28 34
2 83
17 25
50 79
38 62
2 89
85 88
78 86
8 10
66 70
25 95
8 72
21 33
5 6
15 89
10 41
25 92
81 87
83 93
69 75
30 43
17 92
61 63
4 35
81 90
55 65
77 92
70 91
20 79
52 95
12 70
31 95
35 93
39 59
21 55
47 53
94 97
48 79
34 97
63 99
35 86
48 81
19 24
32 70
32 74
26 74
1 57
5 33
52 66
4 79
3 87
9 83
39 43
41 68
89 91
5 68
32 87
8 91
56 58
25 50
32 59
37 51
4 76
80 90
84 91
9 98
20 44
78 83
26 61
28 80
24 94
48 80
54 81
68 96
14 49
9 43
9 51
14 97
0 65
27 88
43 44
11 44
41 57
18 79
8 70
3 41
36 85
34 88
0 56
62 88
44 62
64 74
26 38
27 83
67 72
26 42
8 26
27 30
48 88
26 77
22 56
42 44
68 74
46 50
55 71
34 54
38 51
38 39
7 94
8 73
21 41
41 44
27 39
32 69
42 54
23 40
22 70
46 86
51 83
38 48
13 72
48 73
77 95
87 88
2 66
37 92
50 94
79 91
85 90
43 59
25 82
71 74
56 88
75 91
3 54
9 79
70 81
5 24
41 51
18 51
74 88
21 54
51 95
27 57
15 70
36 83
6 32
30 41
16 74
33 57
7 59
58 91
19 31
28 47
23 82
18 68
62 83
24 44
64 99
43 53
17 96
58 75
57 90
3 76
73 95
71 86
15 77
1 8
65 95
25 40
61 76
55 84
5 41
13 94
12 59
9 92
14 62
92 96
95 96
45 54
35 68
31 99
79 96
4 56
16 91
9 26
77 78
33 87
43 66
81 93
15 25
17 64
17 32
40 79
0 13
74 84
1 48
2 34
17 77
59 79
31 34
82 91
37 70
1 56
24 78
10 27
43 54
50 97
25 52
43 97
11 98
18 58
60 80
47 61
5 50
38 53
21 93
24 45
62 69
27 40
13 73
81 98
13 60
60 92
10 58
14 30
8 66
25 46
22 37
53 72
20 23
45 73
14 31
1 47
7 81
43 48
78 97
30 46
1 49
74 93
4 78
8 63
59 91
24 69
5 56
7 98
0 61
23 70
1 28
62 82
6 80
42 90
9 69
88 93
37 73
47 67
56 72
16 78
1 89
63 67
17 69
51 94
10 25
8 46
59 68
19 49
35 63
61 74
57 67
27 49
8 19
18 37
3 29
44 67
32 78
13 96
36 76
35 62
0 19
9 33
20 45
22 84
70 71
28 93
16 54
1 86
11 68
35 54
2 32
62 67
7 11
9 89
81 96
57 88
43 63
22 38
17 22
21 69
34 84
33 92
24 67
18 24
41 95
25 60
24 48
53 82
30 80
15 73
11 71
43 50
37 52
19 26
4 98
19 80
0 12
60 98
8 98
29 65
21 99
71 83
62 77
15 84
40 68
7 70
56 89
31 91
11 86
66 72
55 61
14 60
24 71
33 69
14 20
30 57
44 81
31 81
33 58
5 40
29 32
13 55
3 12
92 98
2 20
57 92
31 46
62 93
55 68
31 93
36 51
20 51
24 38
13 24
58 66
28 63
25 38
19 65
68 70
27 82
3 65
69 74
62 92
1 78
36 99
