1488588256726505200
100
620
degree
1
53 
35 63
30 62
14 71
31 98
59 76
28 77
68 69
30 34
19 56
58 66
9 76
29 93
28 55
5 80
12 97
1 62
7 76
5 97
12 14
0 26
1 47
21 64
38 43
59 62
33 97
4 49
68 86
0 18
20 96
57 98
36 66
55 73
17 79
60 70
42 82
52 77
30 78
73 91
58 85
86 93
70 94
76 98
20 50
2 38
35 42
32 85
3 59
23 94
63 88
9 46
23 28
73 90
20 55
40 64
83 98
27 83
10 34
1 71
56 87
83 94
45 99
49 88
42 57
19 92
9 84
8 35
37 63
28 66
11 21
86 98
16 43
48 89
20 48
32 44
75 98
24 57
20 74
15 80
17 34
64 73
0 92
2 65
18 49
25 47
6 40
16 30
45 78
51 71
53 85
45 72
22 46
17 39
13 52
47 95
8 61
21 54
73 81
41 44
67 96
31 99
59 79
28 79
68 75
30 38
19 59
58 73
9 78
29 98
28 61
5 82
13 15
1 63
7 79
5 99
12 18
1 48
21 73
38 57
59 81
34 45
4 51
69 79
21 29
58 81
36 84
55 98
17 89
60 98
43 49
53 58
30 97
75 77
59 77
89 99
72 76
78 95
20 65
2 40
35 67
33 44
3 63
24 39
64 96
9 55
23 49
75 89
20 75
40 99
87 98
28 39
10 45
1 73
57 93
89 90
34 46
46 90
50 86
7 55
43 45
47 71
20 37
9 97
73 95
8 46
38 45
29 31
11 36
16 66
49 95
20 77
32 87
12 38
79 87
24 92
21 27
20 73
16 22
17 61
21 34
7 57
66 83
12 89
3 58
61 98
24 97
0 93
15 32
15 39
2 70
28 92
18 82
25 92
30 51
20 58
8 74
19 63
61 91
6 53
16 62
47 49
5 26
20 36
2 88
10 41
24 96
53 66
55 88
4 17
47 51
35 53
33 37
29 45
90 92
24 93
22 96
6 98
17 80
8 82
13 85
80 84
3 71
40 60
16 67
49 92
34 95
33 45
45 73
69 89
61 73
16 68
7 38
52 83
42 78
89 93
21 35
8 86
22 34
7 42
7 31
13 20
81 98
5 50
79 90
35 76
2 17
6 60
24 88
46 62
66 74
0 33
5 53
51 81
53 95
0 47
37 70
42 99
20 53
9 24
44 52
4 23
40 80
12 46
37 43
3 55
46 84
15 18
35 81
65 82
18 76
78 85
33 49
3 40
87 97
25 42
18 37
65 89
34 91
8 16
11 56
33 54
9 68
23 56
49 91
29 79
36 57
4 19
66 80
0 22
19 57
29 72
75 93
45 49
35 90
37 69
46 53
62 68
17 53
35 56
38 62
8 21
7 99
4 11
56 63
21 30
24 68
20 61
12 67
49 70
1 90
29 86
0 5
41 84
27 76
20 81
59 83
17 59
21 79
30 95
14 55
28 59
33 53
26 85
21 72
11 38
18 45
10 25
18 44
51 55
9 53
0 13
49 62
41 76
4 42
67 71
33 46
16 53
66 84
4 97
49 59
13 57
14 35
52 76
3 53
62 63
78 80
40 97
23 54
41 60
3 73
55 91
55 67
15 66
59 87
17 72
64 74
0 23
1 34
74 78
38 94
69 87
22 72
0 62
68 97
12 16
3 30
8 79
38 83
6 57
76 99
64 82
43 52
26 83
58 91
16 91
8 29
24 61
66 71
16 37
60 75
71 95
45 57
68 84
2 11
3 85
1 95
18 30
20 39
65 70
11 26
58 76
20 79
52 97
10 17
62 82
41 47
15 65
11 49
4 27
61 92
9 43
44 59
41 89
13 19
35 45
7 74
55 87
54 92
78 86
90 93
32 92
40 79
27 29
34 51
18 19
44 61
22 73
87 92
28 41
9 16
40 48
7 67
16 81
52 58
6 42
15 25
13 84
25 79
9 56
11 17
8 51
20 94
38 70
50 74
11 53
4 69
69 88
53 65
29 66
50 80
14 83
41 94
56 82
27 86
43 85
39 47
72 88
11 85
2 26
56 83
43 60
14 40
33 35
50 95
91 94
51 78
11 75
29 37
28 81
72 81
34 99
38 46
27 58
45 47
29 69
18 22
53 87
43 50
27 81
55 71
0 29
11 23
53 63
57 81
4 82
35 88
46 65
70 80
39 41
2 73
13 98
41 98
9 36
64 91
11 66
4 83
70 84
67 68
56 90
62 66
35 85
19 44
54 58
8 18
22 57
71 78
30 86
3 67
40 85
13 47
60 86
23 83
23 68
1 65
66 81
11 60
27 51
58 82
25 56
53 91
37 93
2 57
14 94
11 22
35 39
10 51
1 55
2 62
38 74
6 15
7 60
4 13
6 80
53 83
45 48
11 39
29 92
26 86
38 51
82 84
3 95
70 97
6 18
47 87
64 68
43 78
12 48
13 26
74 89
45 89
80 83
7 90
64 72
25 54
1 69
61 79
7 9
24 36
35 89
40 69
26 80
25 89
17 42
5 38
94 96
46 92
17 70
29 62
19 51
60 80
10 80
89 95
10 64
10 13
13 73
64 87
73 94
15 79
8 54
4 71
56 96
4 34
65 77
37 46
76 77
20 66
4 65
28 63
1 49
31 83
31 38
17 69
81 93
82 83
73 74
14 39
37 88
24 56
14 42
22 70
28 56
19 70
78 87
4 20
55 77
54 85
68 95
16 28
58 72
15 33
27 87
10 12
43 84
36 47
0 2
13 91
29 99
66 99
42 65
47 96
10 76
39 58
35 40
36 99
22 84
66 79
57 76
49 81
43 89
26 31
27 34
15 58
38 69
48 60
37 97
12 32
8 95
13 95
16 73
8 78
58 70
57 97
41 85
67 83
15 20
72 78
60 65
9 39
24 53
36 83
86 96
10 53
16 39
7 50
5 33
7 26
49 60
35 79
60 99
12 94
57 87
42 94
56 59
51 84
81 94
47 82
80 96
18 84
75 83
