1488588256619192370
100
496
degree
1
29 
36 89
0 80
50 87
6 64
8 96
47 79
24 73
0 78
67 98
88 94
27 39
8 13
43 76
20 37
24 51
54 62
66 85
87 88
40 77
33 34
38 71
5 23
35 56
24 43
62 63
54 61
38 73
62 81
9 45
27 63
17 62
19 32
59 91
4 83
14 44
33 43
26 37
76 91
67 83
2 43
46 48
26 60
41 64
24 29
34 86
52 66
25 87
13 71
8 23
27 33
11 90
1 60
20 67
1 48
65 67
20 87
49 80
21 51
16 52
36 50
46 82
23 79
15 99
9 15
16 20
1 80
10 58
54 78
10 63
15 36
69 92
18 93
41 50
31 76
32 95
9 18
42 95
40 59
40 84
19 36
9 55
11 37
3 88
49 56
12 22
44 93
19 75
0 92
25 30
28 91
70 98
1 72
7 70
0 57
37 68
8 74
22 70
53 66
65 97
0 81
50 88
6 65
8 97
47 83
24 76
68 75
89 93
27 43
8 15
43 84
20 41
24 57
54 74
66 99
40 89
33 44
38 84
5 25
35 69
24 53
62 84
54 81
38 89
63 69
9 50
27 77
17 72
19 43
60 79
4 86
14 53
33 63
26 54
78 84
68 86
2 45
46 77
26 79
41 91
24 47
35 47
53 55
26 35
13 83
8 31
27 56
12 14
1 62
20 86
1 50
66 82
21 30
50 74
21 73
16 69
36 86
47 74
24 30
16 35
9 26
16 39
1 82
10 72
55 88
10 77
15 56
71 99
35 60
19 38
4 92
41 99
32 49
33 72
24 49
9 32
43 93
41 53
41 80
19 65
61 88
23 94
24 41
64 68
43 88
18 64
29 91
5 64
21 79
25 63
9 73
11 57
3 95
30 40
10 36
1 86
80 97
50 84
32 40
19 22
26 46
52 72
8 64
12 47
27 28
19 60
26 82
46 66
64 80
43 49
10 37
15 84
71 75
11 66
20 39
44 66
21 65
0 94
4 11
25 37
35 52
25 88
9 76
29 87
9 24
9 40
57 96
38 60
9 89
19 45
3 70
45 80
49 70
71 96
10 43
3 45
76 80
29 78
1 77
38 48
7 92
0 59
12 29
82 89
14 17
24 46
53 64
82 86
36 55
7 10
19 79
53 69
11 70
7 74
60 69
5 41
66 79
14 34
39 51
22 27
74 75
9 14
36 87
59 74
50 54
42 62
0 58
26 28
22 69
32 73
28 50
8 90
39 85
34 48
15 54
22 76
22 72
47 60
77 81
51 66
10 67
41 42
20 28
18 69
6 41
49 52
67 84
77 85
70 99
23 78
7 79
21 83
3 83
1 51
2 69
6 66
17 38
24 74
31 89
24 59
62 98
30 64
69 70
15 25
60 89
14 94
22 47
16 21
33 95
41 90
32 66
14 92
37 85
5 53
74 95
56 89
32 35
32 74
19 21
29 81
57 82
18 24
35 73
44 50
33 47
22 50
0 90
40 82
79 95
58 69
29 71
14 88
27 29
35 87
16 93
0 25
78 88
33 99
44 77
80 94
45 56
12 80
80 81
41 58
48 54
46 87
7 87
53 81
61 92
74 82
20 77
5 20
72 73
18 63
6 30
20 61
36 54
77 95
41 87
76 97
23 92
0 39
24 80
32 47
72 79
9 13
36 37
21 54
3 48
20 76
32 46
32 45
51 90
46 70
36 69
61 75
25 82
3 96
36 53
31 73
59 95
40 86
65 84
51 58
24 33
63 95
1 32
0 35
53 87
40 80
13 67
60 76
40 57
22 46
30 99
18 32
26 29
19 67
40 60
3 49
32 92
83 96
11 22
46 78
29 36
35 40
17 63
8 76
33 55
84 89
5 29
24 55
37 67
10 99
0 76
40 56
77 96
14 46
21 91
47 88
7 67
62 72
64 69
5 42
11 38
21 74
57 66
44 47
12 89
18 36
90 94
62 74
16 84
1 7
41 81
1 91
60 96
22 67
7 15
40 69
14 65
25 97
16 29
29 67
27 48
34 99
32 85
13 55
23 53
63 96
67 99
48 87
56 57
86 87
8 17
72 87
10 29
45 97
25 90
9 42
7 12
1 36
26 32
2 23
11 42
29 70
49 76
21 36
37 74
57 63
29 51
19 39
0 48
10 47
45 48
30 93
29 98
25 78
14 84
33 56
27 67
17 40
9 29
14 40
14 24
38 45
14 45
33 81
67 78
0 51
2 46
12 72
68 72
36 97
42 78
13 37
56 98
36 63
40 94
5 95
29 61
54 88
20 52
49 54
79 96
44 94
39 69
45 62
37 42
4 44
91 93
20 21
2 44
8 66
52 80
21 37
17 99
3 42
18 55
12 39
69 79
11 16
47 68
33 98
10 25
29 59
77 80
32 96
12 21
2 17
5 93
4 77
93 95
14 30
13 35
10 45
43 75
71 95
22 79
31 58
12 62
35 86
38 53
76 96
63 91
67 82
5 28
31 81
2 60
54 56
35 45
92 98
61 80
19 31
50 65
56 59
11 61
52 98
1 25
32 55
58 94
45 85
