1488588256531335982
100
374
degree
1
29 
14 32
27 76
61 71
23 93
44 50
9 29
7 33
57 92
57 66
42 87
38 54
39 70
20 97
23 47
13 79
70 90
56 57
31 77
10 80
56 91
11 99
29 76
65 97
17 86
69 80
45 83
33 74
28 89
31 67
17 19
46 91
55 64
34 77
29 32
85 96
58 65
53 63
11 48
50 86
3 39
40 80
8 24
2 20
2 81
20 36
33 87
10 68
67 82
0 67
8 19
9 95
29 79
12 19
15 86
4 6
75 96
34 52
37 40
19 87
58 90
52 80
55 93
14 20
26 36
1 57
58 66
3 47
21 22
20 89
23 85
49 76
7 93
6 82
29 37
26 59
16 91
46 71
18 64
76 99
91 94
43 80
11 60
53 65
14 30
88 95
41 84
21 29
1 38
37 72
25 56
10 45
33 73
51 67
41 58
44 78
46 98
5 27
60 62
35 40
61 73
23 94
44 53
9 30
7 34
57 98
57 73
42 93
38 60
39 77
21 24
23 52
13 83
71 76
56 70
31 86
10 84
57 65
12 17
29 87
66 84
17 94
70 73
46 48
33 89
29 33
31 82
17 28
47 60
55 89
34 96
29 48
88 94
58 94
53 92
11 56
51 68
3 42
41 48
8 30
2 21
2 83
20 52
34 48
10 77
68 93
0 68
8 27
10 15
30 36
12 31
16 19
4 11
78 82
34 85
37 75
20 29
60 61
53 81
56 99
14 36
26 65
1 59
59 80
3 51
21 48
21 37
1 34
24 40
50 81
67 78
8 13
6 92
29 75
29 95
86 88
0 80
29 93
11 25
26 96
60 99
17 36
79 86
47 81
18 94
23 60
81 84
29 77
44 87
11 81
1 46
23 92
52 64
54 96
48 77
11 24
30 59
6 37
63 96
54 83
14 58
20 82
20 22
61 63
7 41
46 62
43 45
21 71
61 70
66 94
1 41
46 60
38 83
86 93
16 31
17 96
49 54
26 38
6 27
12 34
35 57
10 70
27 38
34 80
21 57
12 95
8 20
17 82
61 77
27 37
1 27
8 82
25 31
61 79
2 94
32 41
45 77
62 72
53 85
7 38
42 98
27 72
46 75
82 87
37 99
73 78
23 79
19 97
74 79
27 57
57 81
4 42
49 61
3 55
30 96
4 85
7 75
25 35
29 41
5 44
63 93
21 82
7 61
80 82
11 36
45 68
24 94
70 89
34 97
63 75
24 28
60 90
67 93
81 85
13 46
9 65
6 23
6 40
2 10
29 99
61 91
28 91
19 76
3 16
73 74
71 90
47 75
22 91
15 73
34 60
8 97
62 97
45 94
41 73
19 29
56 88
65 82
13 68
0 8
46 58
60 94
18 37
42 80
2 50
69 97
30 40
25 33
78 86
10 93
59 75
19 63
22 34
27 82
2 29
5 17
15 60
26 79
67 98
2 11
83 87
0 40
33 78
53 57
8 45
11 12
18 69
27 40
5 57
59 76
13 89
20 56
35 99
24 43
5 53
40 99
25 57
38 75
65 80
39 66
17 39
38 81
2 19
27 78
67 96
75 99
20 99
33 36
2 62
67 71
19 52
45 46
23 77
28 65
25 83
3 84
31 39
27 46
86 91
31 63
19 55
1 16
54 56
7 17
25 46
77 95
4 34
33 64
2 16
19 44
2 41
19 75
2 25
30 56
7 80
36 45
20 48
25 44
15 47
49 62
37 42
2 58
2 9
19 90
27 59
52 69
69 91
18 75
2 48
26 40
11 71
61 87
27 64
30 91
75 85
73 97
71 91
28 63
7 89
12 42
12 77
8 66
68 73
72 79
13 14
38 46
68 90
54 91
6 45
5 78
63 81
9 37
45 53
31 90
3 4
4 41
35 58
6 30
12 52
39 95
33 48
5 29
16 42
15 48
61 80
41 69
19 99
37 79
5 14
5 16
0 74
44 64
36 61
3 46
27 69
6 9
0 61
12 78
15 30
18 53
85 93
41 42
73 75
44 85
46 87
74 77
13 69
19 94
11 55
23 83
21 70
89 96
2 54
7 67
47 95
36 85
5 18
39 49
19 98
9 51
14 47
7 27
19 93
