1488588256630969756
100
496
degree
1
30 
22 62
43 78
2 34
78 83
60 90
14 91
16 87
51 57
17 27
2 92
66 95
10 36
4 67
2 99
60 64
40 49
38 70
27 35
5 47
73 78
16 49
9 86
37 94
76 89
1 36
26 76
25 55
70 99
31 93
5 15
4 41
14 45
20 24
33 92
18 92
92 94
74 85
12 56
0 96
43 69
9 17
29 92
61 67
64 75
55 92
35 63
24 52
44 99
58 98
30 70
18 22
43 50
44 54
11 46
39 64
13 77
21 22
49 66
7 11
60 67
40 94
19 27
34 91
20 92
21 64
32 42
14 86
31 43
59 92
70 72
54 85
0 73
12 17
51 96
1 59
32 73
48 88
5 61
13 30
26 95
17 42
46 87
68 79
5 71
12 68
69 84
6 30
29 58
8 94
56 80
53 98
3 65
48 64
19 82
65 86
28 65
23 71
83 97
27 81
78 86
60 94
14 93
16 89
51 63
17 29
67 72
10 38
4 69
3 4
60 76
40 58
38 80
27 43
5 49
73 96
16 55
9 90
38 46
77 89
1 37
26 87
25 67
71 96
32 41
5 18
4 44
14 53
20 36
34 46
19 24
25 70
75 95
12 65
0 97
43 96
9 24
30 44
62 66
65 79
56 85
35 90
24 72
45 78
59 99
30 96
18 38
43 85
44 90
11 58
39 98
9 45
13 92
21 44
50 61
7 19
61 81
41 77
19 49
35 64
21 38
21 90
32 78
15 21
31 79
61 74
72 82
55 99
0 74
12 34
53 61
1 62
21 97
33 50
49 96
5 70
21 75
13 51
91 98
27 63
17 70
53 89
27 98
53 69
48 49
58 87
1 33
55 86
46 59
2 97
64 67
77 83
38 58
50 82
36 86
83 93
11 34
62 76
71 87
5 82
10 37
16 19
0 44
41 73
32 86
12 94
73 77
53 90
76 92
88 91
6 44
14 39
17 90
13 37
74 82
25 39
7 39
68 74
20 89
56 73
7 8
30 54
14 55
9 27
59 65
56 71
22 24
10 26
1 65
24 89
8 47
58 74
47 94
3 75
14 98
52 91
51 89
4 30
20 84
9 52
25 96
4 40
4 65
28 44
74 89
5 78
50 80
40 63
58 90
14 81
41 71
55 64
61 97
15 46
0 21
21 87
20 63
76 77
9 63
32 91
10 72
25 50
37 70
70 87
9 66
63 97
39 68
46 56
64 77
21 66
2 87
1 20
44 55
6 77
46 95
35 45
1 52
61 80
38 99
49 52
6 29
68 71
40 60
3 63
68 94
30 97
44 97
3 89
5 34
70 81
7 38
26 51
5 21
37 66
35 46
54 75
4 60
10 17
75 84
24 87
8 27
65 94
2 11
4 24
84 93
65 92
71 74
35 89
47 49
68 73
4 47
59 80
18 36
17 43
7 16
26 66
52 66
79 89
6 37
30 83
48 51
18 59
54 96
17 83
63 70
81 90
51 52
44 64
14 52
16 65
0 90
39 82
19 44
8 42
1 67
13 27
44 77
3 14
22 84
5 76
29 72
53 91
88 97
2 89
1 15
59 61
43 65
46 84
8 24
41 65
14 36
28 52
42 84
70 79
41 50
60 77
60 79
58 84
52 79
7 22
75 88
29 80
43 58
27 42
84 90
88 89
1 60
28 61
49 50
72 94
18 42
7 31
16 93
18 40
87 91
23 64
17 36
18 28
38 62
30 45
10 89
68 69
56 97
45 56
1 44
11 96
0 63
26 75
1 32
29 41
10 50
46 74
66 81
37 89
2 98
7 34
72 98
23 92
33 45
64 90
14 76
47 72
39 73
27 65
30 63
59 86
2 14
40 81
18 88
21 36
8 96
12 49
0 92
28 72
33 44
39 92
6 58
15 36
36 91
69 80
50 88
5 40
12 15
24 26
14 16
22 27
38 43
76 94
33 85
3 11
34 88
6 92
15 71
6 71
11 94
64 71
1 90
2 7
28 77
15 31
16 20
56 58
60 81
12 52
30 91
68 90
36 67
14 83
46 55
26 79
37 92
57 62
8 78
7 90
64 89
27 77
11 40
13 33
27 46
1 89
62 71
2 81
83 96
52 67
30 33
34 59
20 31
52 96
27 50
37 57
9 30
10 27
54 62
10 65
17 41
25 49
2 30
8 99
71 97
80 95
45 98
12 33
35 56
1 19
79 95
7 99
23 32
31 88
37 97
42 54
46 91
31 74
26 60
21 25
71 83
30 66
2 43
48 76
59 67
23 30
4 42
56 57
59 95
46 96
25 80
59 69
69 93
71 85
14 74
7 15
36 72
54 86
2 15
49 53
23 38
51 54
9 42
38 76
49 89
25 46
24 31
45 69
44 87
4 86
56 63
1 75
2 10
31 92
17 58
38 96
30 32
15 41
17 20
51 80
1 83
70 82
2 42
8 31
16 88
12 51
56 76
27 61
69 88
23 74
19 48
39 83
28 83
25 28
8 95
52 99
8 35
91 92
1 72
26 56
49 54
57 99
16 64
19 30
27 99
21 72
27 79
30 68
20 57
