1488588256757124265
100
620
degree
1
55 
56 90
5 34
28 88
60 85
22 43
54 60
30 60
31 68
23 80
67 68
63 89
83 88
17 37
10 49
3 85
29 71
0 73
44 67
9 18
7 65
84 87
10 90
66 90
22 44
47 63
59 80
32 42
72 85
37 82
43 66
67 70
66 84
76 98
16 29
2 53
42 49
2 69
11 25
59 90
8 30
4 55
48 65
50 92
7 80
14 83
15 73
38 93
29 86
22 81
39 72
13 76
16 76
31 64
39 70
65 86
2 60
9 66
6 96
32 57
55 56
52 61
66 79
20 72
68 93
24 55
37 55
13 35
69 77
20 88
25 89
57 95
6 51
17 62
1 26
34 66
19 83
26 69
65 73
61 78
30 63
2 94
46 77
12 86
27 81
32 36
32 91
15 58
5 74
37 92
24 78
6 69
40 93
65 97
6 41
56 75
33 91
21 99
21 91
45 70
28 89
60 88
22 45
54 64
31 72
23 83
67 77
63 98
83 98
17 41
10 51
3 86
29 78
44 79
9 21
7 68
85 93
10 95
67 78
22 53
47 81
60 62
32 56
73 84
37 99
43 86
67 97
67 80
78 86
16 39
2 55
42 72
2 71
11 33
60 84
10 39
8 36
4 58
48 96
51 77
7 87
14 95
15 87
39 63
30 41
23 25
40 45
13 89
16 92
31 93
40 46
2 63
9 77
7 12
32 89
56 62
2 73
3 20
53 65
68 74
20 96
70 95
2 80
24 85
29 89
37 98
57 75
13 54
71 87
21 38
55 85
89 92
26 52
59 79
6 61
17 88
1 28
75 90
35 51
20 35
27 37
67 85
63 81
31 42
19 97
8 79
16 91
2 99
8 38
47 93
13 23
28 57
12 39
32 90
66 70
56 84
11 76
33 84
20 61
12 45
36 72
15 90
38 87
37 58
5 87
39 41
1 59
69 78
15 30
25 55
6 84
20 70
42 57
69 79
72 76
6 56
64 70
52 73
73 89
80 81
51 83
55 99
10 67
42 65
2 35
59 63
28 49
10 16
41 54
44 55
35 42
71 80
11 20
16 90
17 94
15 96
79 90
11 93
71 73
9 35
45 85
7 84
3 37
18 35
78 84
42 74
55 63
24 44
18 89
5 78
25 75
22 88
31 91
23 96
16 82
13 45
55 75
39 85
35 99
77 92
5 10
14 57
59 81
67 91
49 69
4 69
15 35
45 88
33 86
7 88
46 53
27 95
59 98
3 41
3 46
12 52
9 63
52 63
62 66
3 48
34 53
58 60
28 53
62 93
47 82
51 60
88 93
36 79
14 59
12 61
66 72
14 71
36 97
43 97
72 88
31 56
17 97
16 28
28 40
88 98
44 66
17 73
71 96
18 53
39 95
58 97
16 24
9 83
20 44
3 34
22 92
27 36
6 27
2 75
50 72
14 26
43 47
14 94
18 86
21 79
47 68
48 88
38 53
2 32
3 16
72 75
14 29
30 77
38 67
47 76
47 79
82 85
21 25
27 92
5 35
11 63
23 87
27 78
26 76
6 34
57 70
75 89
12 82
30 67
93 96
15 72
23 52
25 90
33 63
21 42
58 59
75 77
28 55
24 56
32 95
10 57
55 69
18 43
13 62
81 96
55 67
21 85
2 4
56 65
48 78
14 16
5 58
20 97
50 66
0 83
41 92
3 98
1 23
59 88
11 85
89 96
9 22
49 77
2 25
25 54
70 71
38 61
14 51
20 81
18 45
26 88
13 59
1 45
6 95
36 99
32 54
25 73
14 25
56 59
27 65
28 61
9 20
2 7
15 24
7 48
66 71
17 30
5 89
53 96
28 97
18 95
7 55
24 84
79 83
56 73
47 99
8 80
40 89
13 19
35 75
11 37
69 98
23 78
60 80
56 71
19 78
50 62
3 51
16 79
88 90
4 49
59 73
0 63
1 70
14 62
48 51
13 56
52 70
54 97
43 83
23 44
15 70
28 35
9 17
36 68
0 65
71 78
44 64
19 22
49 52
15 88
10 27
3 17
34 48
33 69
34 41
24 58
23 66
76 78
2 44
35 45
7 86
41 86
6 54
53 62
16 62
0 20
30 52
5 8
33 35
22 78
59 94
34 83
16 40
7 9
45 63
23 63
18 46
60 94
16 81
65 83
3 10
0 12
60 90
56 92
44 45
34 60
42 64
61 90
22 63
11 89
40 41
54 91
75 96
21 86
0 87
1 11
27 32
71 88
17 47
39 68
24 60
63 91
23 29
43 63
20 37
86 92
41 94
7 54
39 87
28 74
23 48
55 91
1 79
16 19
20 45
43 55
60 97
18 85
30 98
41 62
44 94
91 96
22 76
19 58
10 59
68 90
21 76
14 54
29 83
48 53
94 99
38 51
12 97
58 85
55 87
29 97
4 15
49 59
11 80
93 95
40 73
51 73
58 83
7 56
2 21
48 71
33 44
28 36
62 84
39 65
42 75
38 50
32 40
46 54
17 31
71 98
80 83
42 91
66 68
6 20
40 42
10 20
2 92
12 93
3 53
18 49
3 62
27 74
17 24
19 21
47 74
14 84
78 79
51 99
52 55
1 22
24 61
31 66
28 85
48 81
48 59
85 97
34 55
63 79
2 56
22 94
36 37
19 93
76 81
0 48
51 89
83 87
24 94
23 64
47 73
46 50
64 96
43 99
18 65
8 75
6 57
3 77
50 85
4 61
60 70
1 54
37 85
16 86
2 98
14 77
17 53
54 66
25 68
35 98
15 17
25 61
26 80
68 71
9 12
24 97
18 26
19 35
60 93
62 76
6 76
22 93
22 25
24 59
67 75
34 90
4 89
37 88
27 69
49 71
66 75
22 50
4 60
40 54
15 93
3 99
52 66
49 66
22 24
45 87
1 95
39 96
41 47
29 34
64 74
34 75
62 77
29 33
4 10
33 64
22 97
42 79
15 79
55 89
17 19
92 93
38 46
6 17
87 94
50 60
37 48
18 81
50 81
33 80
24 68
90 94
43 57
36 53
79 85
