1488588256740125605
100
620
degree
1
99 
17 73
16 79
14 99
11 87
18 84
71 76
13 93
12 13
68 76
5 38
12 40
34 96
34 79
72 78
37 49
68 95
13 71
48 83
33 97
38 97
11 33
77 88
43 81
21 88
47 77
16 47
30 85
56 76
91 94
48 94
84 98
58 78
4 59
42 89
51 56
59 88
45 55
18 93
34 52
61 80
75 76
39 46
10 86
11 49
79 89
27 84
28 76
27 82
51 94
18 79
28 80
87 93
30 86
59 70
19 86
12 23
86 97
6 85
12 26
65 92
0 58
12 72
20 45
62 73
0 73
60 84
54 61
41 66
39 48
81 95
92 94
5 22
4 9
14 42
30 44
41 99
46 57
12 69
7 20
0 45
2 17
3 46
19 74
2 53
43 90
49 67
15 25
56 63
1 15
25 85
36 66
31 37
18 64
35 59
6 50
29 81
24 38
8 13
30 32
11 88
18 86
71 80
13 94
12 14
68 83
5 39
12 43
35 39
34 86
72 90
37 57
69 79
13 75
48 96
34 42
39 49
11 37
78 87
43 96
21 97
47 95
16 55
30 99
56 98
49 65
87 89
59 64
4 62
43 55
51 82
60 78
45 80
19 26
34 74
62 76
76 90
39 72
10 95
11 59
28 35
28 99
28 33
52 84
18 96
29 35
27 74
31 46
91 92
73 93
89 90
20 27
12 37
89 93
16 45
6 93
12 41
54 55
12 42
29 56
67 86
0 59
12 88
52 93
20 71
63 99
0 74
39 65
18 21
5 77
62 75
21 99
70 92
55 81
74 99
42 63
63 69
10 27
40 43
31 63
1 2
4 26
90 93
5 31
26 76
12 30
4 17
76 94
14 68
58 91
30 95
19 68
62 70
17 93
47 80
13 36
60 87
63 81
69 72
12 95
7 35
13 24
44 54
27 67
0 46
10 69
2 22
3 54
20 38
2 59
45 66
51 63
22 29
42 52
73 77
77 87
54 92
15 61
0 82
75 99
49 94
11 61
2 25
40 52
39 93
11 35
0 18
31 64
61 98
27 70
58 96
1 19
80 93
41 89
6 73
3 6
80 87
26 80
90 91
3 81
1 24
13 42
28 72
9 82
38 39
15 93
20 36
6 87
35 50
43 65
12 65
26 58
23 70
32 61
50 51
2 3
14 32
14 33
57 77
19 45
9 50
15 57
20 75
61 72
37 42
62 86
0 36
82 90
70 86
54 99
0 50
90 94
28 57
32 51
8 24
22 87
14 86
80 89
32 88
2 66
63 93
42 76
45 82
22 95
66 96
54 77
0 77
33 48
11 99
53 90
49 79
60 79
39 97
62 89
9 84
1 46
19 63
36 81
23 38
19 49
35 99
73 88
14 90
5 58
26 55
4 15
37 97
31 61
18 56
75 83
60 63
17 42
19 76
25 65
3 37
0 75
1 18
61 64
68 87
16 48
16 34
7 45
23 43
20 48
20 89
6 19
19 51
22 66
18 98
4 97
82 89
12 77
20 78
26 97
55 76
31 84
8 53
33 76
17 66
23 27
18 38
43 91
19 21
32 36
49 96
17 85
28 74
26 29
8 44
5 82
56 79
37 94
26 34
37 41
23 88
17 92
21 55
13 38
18 75
23 62
36 75
6 68
41 72
17 76
8 34
51 71
14 73
32 34
10 74
82 96
59 81
95 98
54 56
9 87
29 73
94 99
37 38
13 17
55 98
38 95
3 71
20 85
62 78
50 52
71 83
0 3
29 41
55 75
27 61
24 90
23 77
21 51
43 95
59 99
0 21
56 67
35 86
27 36
1 39
5 12
2 63
14 88
5 60
3 44
62 87
30 96
15 42
23 58
54 73
35 95
11 24
29 65
30 41
17 31
71 98
27 35
0 51
56 75
13 66
14 79
70 94
55 65
19 87
15 77
36 76
0 26
12 87
58 69
27 44
41 57
48 67
4 6
36 72
2 9
11 40
0 16
1 52
79 83
16 58
27 93
14 47
1 5
3 97
49 90
28 31
10 17
20 88
67 83
40 64
26 59
30 33
26 63
17 24
27 43
23 50
15 60
49 60
48 75
27 90
16 26
23 60
28 97
77 98
3 32
67 88
33 70
27 64
15 85
32 38
36 38
9 65
1 9
55 80
23 59
29 33
28 34
32 37
30 72
82 95
92 98
2 78
69 99
18 87
28 60
25 59
40 95
52 91
14 89
20 60
54 89
2 86
38 61
17 74
47 91
20 32
60 80
10 60
53 84
33 51
29 64
79 94
22 28
15 44
53 73
40 45
45 85
23 92
51 86
43 62
47 72
65 99
23 31
28 37
16 23
32 33
11 77
78 85
9 56
41 75
13 34
32 69
17 79
39 91
5 85
71 99
24 50
6 82
51 97
3 90
31 45
56 83
90 92
49 85
12 89
43 99
8 84
29 94
18 90
15 80
48 85
24 98
4 14
46 87
16 91
37 90
17 99
15 47
1 29
4 24
21 95
24 95
41 49
29 38
9 69
6 76
1 42
20 99
9 29
42 50
9 94
49 95
83 92
19 72
42 81
9 66
15 81
73 78
1 36
63 77
30 92
6 72
44 52
18 19
42 65
49 87
3 74
11 55
38 60
1 47
89 92
19 61
26 65
43 54
26 35
30 46
57 89
38 63
3 31
39 62
47 52
24 52
18 57
15 98
64 88
54 69
31 87
35 63
88 91
54 64
77 93
10 36
89 91
23 73
54 78
29 58
45 81
12 82
88 99
4 11
68 89
41 43
56 59
31 93
56 92
44 74
85 95
28 46
4 76
16 39
2 71
47 92
14 37
27 73
23 48
35 47
6 96
34 62
10 38
50 78
2 67
6 27
31 36
37 48
7 72
40 51
31 68
3 29
14 23
1 61
70 99
68 93
24 81
0 4
23 51
67 78
45 72
20 65
33 58
35 82
36 53
62 85
59 71
8 50
35 74
35 62
18 26
38 88
46 72
5 41
38 59
46 52
39 74
53 77
38 44
15 70
2 85
17 22
24 47
38 75
4 60
69 91
15 71
25 48
6 39
