1488588256556141664
100
374
degree
1
4 
24 98
4 80
11 30
3 87
49 66
75 91
66 90
31 93
20 29
44 70
2 74
16 17
48 87
39 59
80 88
25 36
41 47
7 97
10 42
4 99
19 33
61 97
56 75
9 82
1 67
44 57
3 78
97 99
10 13
5 7
0 61
19 94
88 91
61 79
7 93
12 48
61 90
29 30
66 96
44 95
31 48
24 89
28 78
24 50
77 85
6 50
52 58
25 27
62 95
54 99
24 69
16 51
18 68
82 87
68 73
37 44
52 90
21 22
28 51
14 25
0 8
52 92
30 95
15 28
19 25
52 59
12 44
57 69
32 71
38 78
42 61
40 42
32 51
14 83
14 32
22 57
47 96
34 59
46 65
27 43
35 64
22 45
84 91
19 81
14 86
4 63
56 68
12 72
60 62
26 28
18 35
65 76
43 55
68 77
1 38
4 74
76 82
53 55
23 88
11 31
49 69
75 96
66 95
31 97
20 32
44 76
2 75
16 20
48 96
39 68
81 84
25 42
41 57
8 9
10 46
19 40
62 78
56 93
9 87
1 68
44 74
3 80
4 82
10 18
5 10
20 26
62 70
7 98
12 56
62 84
29 48
67 99
45 68
5 6
31 70
25 33
28 99
79 87
6 56
52 95
25 48
64 67
55 96
24 92
16 67
18 86
85 95
69 93
37 78
53 89
21 44
7 39
28 81
53 99
14 42
53 96
31 61
15 47
19 48
53 66
12 60
58 86
33 45
4 11
39 64
72 80
43 56
40 91
43 58
32 94
17 32
15 22
14 54
22 91
49 57
74 88
35 44
47 76
27 85
36 54
40 81
22 82
46 54
20 35
4 72
58 64
35 80
3 48
14 31
35 52
77 96
8 56
12 98
62 79
26 78
0 20
31 82
18 73
68 81
44 79
4 79
71 96
13 21
6 65
1 41
4 85
81 98
17 62
80 81
79 96
39 52
70 78
41 62
62 83
1 58
8 79
27 50
86 89
30 87
4 15
42 90
57 65
11 71
55 76
19 58
31 62
27 78
59 98
44 67
11 21
51 89
28 75
2 38
11 67
4 27
52 87
38 72
24 79
17 58
37 83
42 57
47 97
58 92
35 58
13 49
28 95
42 89
72 74
9 57
9 69
12 27
24 66
12 21
41 53
3 76
45 81
51 86
52 69
4 55
17 34
60 73
43 99
5 18
13 82
85 98
25 93
19 78
31 47
62 93
20 88
17 20
7 94
88 96
37 86
35 46
1 14
21 77
65 71
19 84
13 79
4 44
28 42
16 73
4 20
6 11
23 87
18 99
29 64
39 66
44 94
46 67
30 78
0 67
18 56
12 42
16 79
13 15
46 66
36 57
60 99
6 62
13 53
3 93
31 51
20 51
34 56
22 34
8 52
10 12
4 6
9 55
29 85
55 86
45 99
31 87
57 66
17 66
2 61
9 88
45 46
20 58
44 97
20 64
4 23
8 61
17 93
76 77
20 92
75 99
10 89
49 50
50 61
16 35
2 37
39 85
4 22
53 77
6 23
63 67
15 32
32 45
16 81
42 65
1 56
2 57
3 74
74 89
40 94
13 32
76 86
14 41
1 22
84 95
22 24
48 80
64 70
27 30
31 89
3 60
33 88
51 97
20 96
19 55
3 95
51 79
46 63
91 98
12 36
68 76
46 68
38 93
80 92
23 74
83 91
9 18
34 41
30 66
17 42
75 90
24 26
5 55
0 54
69 85
81 86
52 76
2 14
27 59
14 71
47 71
64 80
30 52
87 92
47 78
32 78
4 92
10 47
93 99
13 69
23 45
3 73
60 85
11 41
13 93
6 68
34 90
42 43
38 83
49 58
65 88
43 70
7 74
70 71
61 68
47 62
43 78
57 76
32 50
30 97
26 85
37 97
18 48
16 92
22 98
24 28
18 74
51 96
7 79
9 16
49 98
26 44
75 89
59 67
16 63
25 94
22 60
46 99
50 63
0 5
8 73
40 72
48 77
24 48
55 94
