1490277881874202747
125
614
degree
1
28 
40 116
58 68
44 69
60 67
32 111
27 29
77 118
67 119
51 73
63 74
75 78
84 91
76 118
90 94
61 113
57 69
80 84
32 95
59 77
13 61
40 120
98 111
71 79
46 121
11 104
90 107
60 99
82 106
32 47
31 111
28 40
28 74
46 53
17 57
46 100
18 115
113 116
68 115
112 115
6 73
83 96
19 57
30 49
52 71
47 124
14 115
99 123
57 105
31 65
82 90
88 108
34 86
95 104
12 25
42 120
3 29
29 87
9 92
48 94
20 57
27 113
6 31
38 119
33 37
69 86
6 96
0 100
91 115
41 42
59 84
6 78
0 89
72 121
87 107
44 93
78 120
26 36
69 101
7 69
13 54
75 103
22 122
44 72
25 109
42 58
19 56
84 93
0 37
88 100
5 70
26 117
10 99
4 48
27 117
3 23
35 114
50 74
49 99
1 123
45 53
81 92
45 60
33 102
35 90
43 44
15 111
16 105
28 122
73 85
79 82
12 100
7 92
31 110
55 111
62 70
62 103
82 97
2 33
66 124
52 64
7 8
24 82
14 21
39 71
100 115
36 49
31 82
21 99
13 89
13 69
85 119
38 41
28 97
46 111
5 39
29 98
21 42
0 111
112 113
49 104
59 108
39 79
18 91
20 31
14 62
78 102
83 120
25 46
1 35
59 62
23 98
18 30
42 64
74 116
30 99
22 72
9 113
46 84
42 85
78 100
120 122
32 122
52 120
8 82
71 111
16 69
25 63
38 56
27 93
14 116
29 49
50 61
63 95
2 23
39 42
33 62
74 93
93 118
58 114
4 77
22 102
4 60
15 121
73 77
66 79
91 121
5 28
3 91
7 25
38 84
42 57
27 69
46 59
20 84
103 120
22 55
55 64
31 48
5 114
19 63
41 91
77 94
4 42
103 106
37 118
40 95
109 119
14 19
108 123
5 124
23 119
14 61
49 94
64 117
87 104
90 111
1 109
73 94
4 86
84 92
65 101
71 115
16 89
17 61
30 94
85 120
65 78
35 78
28 98
8 65
59 85
67 99
25 72
30 54
57 122
77 90
21 84
71 104
79 104
63 116
55 115
28 107
20 51
4 22
66 74
86 99
19 29
63 69
27 102
10 123
27 45
91 103
64 94
73 120
15 59
3 74
54 88
33 55
56 110
10 100
44 88
40 100
67 76
15 80
11 60
74 105
2 39
42 46
44 59
6 59
109 120
73 79
72 91
6 67
10 86
79 98
103 109
50 112
41 89
60 109
80 112
19 53
47 92
13 57
34 123
52 62
28 29
23 79
51 82
122 123
89 122
28 34
55 103
23 49
85 94
34 76
6 75
115 118
10 102
6 85
43 88
22 91
8 35
3 121
48 118
53 117
22 110
77 98
21 44
25 51
61 68
51 57
60 64
96 124
52 69
88 122
2 75
24 104
47 97
16 102
102 106
50 116
2 52
40 97
15 116
13 28
5 72
29 79
87 121
37 60
109 112
26 98
13 83
64 118
36 70
1 30
7 101
52 94
19 44
35 119
92 112
2 117
29 120
25 33
25 54
37 107
78 109
89 98
11 93
3 115
100 114
1 8
37 54
57 115
45 51
33 71
66 98
46 101
1 99
19 52
7 68
4 62
106 111
43 60
30 86
6 28
4 97
57 107
27 72
15 76
44 123
45 78
23 37
17 81
61 121
50 89
73 110
9 106
12 36
7 20
73 91
42 94
39 103
3 114
32 55
49 97
7 121
28 103
9 44
2 124
23 80
0 29
18 37
94 104
31 81
45 111
90 109
20 112
26 28
72 123
35 40
89 118
12 69
41 45
59 102
45 74
50 109
69 110
58 88
80 100
14 54
28 86
82 101
84 98
32 48
79 117
32 85
19 123
33 121
3 66
45 96
64 73
9 18
38 50
42 79
15 87
26 39
45 109
51 105
22 85
43 110
8 27
17 33
24 66
27 56
23 84
76 83
102 104
37 43
59 82
9 122
32 79
94 96
32 83
27 57
14 71
72 89
22 29
70 113
73 124
33 68
31 43
0 4
9 57
28 115
36 80
103 118
15 75
35 122
30 42
64 107
47 73
2 115
1 110
43 84
21 76
21 107
46 55
11 39
23 38
18 19
41 72
65 100
2 103
28 46
93 115
23 27
66 75
38 86
10 30
21 53
7 80
62 97
27 33
47 110
10 32
20 40
26 45
36 62
48 51
52 61
15 74
29 76
37 103
16 95
46 71
65 120
68 73
30 58
0 86
14 77
94 119
51 55
89 103
17 59
31 32
100 109
70 98
26 77
32 71
69 121
18 93
13 19
34 112
73 119
45 52
4 55
23 114
23 78
53 118
92 121
19 31
47 62
31 117
43 98
1 111
34 68
66 82
100 108
89 93
6 77
65 95
110 119
45 87
45 99
16 60
5 82
23 34
22 37
16 90
4 101
37 109
5 27
62 98
7 73
107 110
25 60
9 30
53 100
42 87
9 97
31 36
3 18
28 45
85 114
3 53
2 3
70 97
21 118
11 116
71 101
35 53
55 60
14 28
50 76
84 97
19 39
62 83
19 26
54 67
98 117
79 83
2 81
37 101
84 123
0 17
83 117
48 70
15 24
110 122
8 11
12 120
66 70
101 121
87 95
1 87
13 124
31 97
11 43
25 34
27 52
51 103
18 44
1 13
27 114
110 115
45 70
3 62
83 112
8 79
65 124
46 47
80 108
25 106
14 74
10 52
97 113
6 113
9 38
56 83
44 102
20 76
34 36
11 95
44 70
4 17
28 70
99 109
2 78
10 105
4 20
75 84
2 98
20 83
38 77
0 48
69 124
24 117
2 59
7 81
11 46
88 103
63 120
8 21
6 88
1 81
8 15
3 54
13 65
24 44
19 23
67 107
39 87
64 82
70 122
19 113
60 68
56 65
8 118
50 110
21 33
51 112
48 103
34 107
4 19
80 95
86 107
10 91
31 49
22 50
18 59
80 93
36 41
77 86
76 109
59 80
56 120
37 88
36 115
20 44
23 88
96 114
70 91
3 96
24 101
15 63
83 119
19 110
60 87
5 67
23 58
16 50
45 50
20 102
60 61
1 29
24 106
9 50
90 103
38 76
20 22
22 67
89 119
1 96
88 121
63 82
58 106
98 113
21 40
75 101
88 96
117 120
31 62
