1490277881895631954
125
614
degree
1
95 
7 21
105 113
104 120
23 39
9 114
32 103
33 99
13 24
35 98
20 87
60 93
24 122
6 23
1 69
22 91
16 97
74 76
39 88
35 94
30 72
15 90
59 120
88 95
96 108
5 76
26 66
101 116
44 110
37 81
31 117
48 65
77 111
93 110
22 62
36 101
7 102
20 93
3 97
14 81
15 118
117 121
16 27
101 104
25 34
94 102
3 13
71 91
18 50
65 109
89 122
6 72
32 120
20 35
2 29
11 48
66 107
54 61
12 63
15 103
109 121
90 112
70 95
26 103
85 109
14 73
2 6
75 99
12 28
16 18
103 114
22 109
78 107
10 89
37 86
78 110
80 96
31 118
15 113
50 87
81 117
83 99
74 117
16 82
43 63
23 48
25 26
2 4
55 117
1 77
109 124
4 42
47 69
96 99
8 30
63 112
69 82
48 96
46 65
49 91
68 77
56 70
41 42
106 116
45 88
19 77
38 61
93 100
19 40
2 67
17 48
45 51
92 116
57 96
22 115
45 61
21 123
41 52
95 119
64 80
0 67
53 61
44 84
11 79
11 58
4 100
45 97
23 64
62 87
16 79
5 79
34 36
55 71
9 72
8 12
108 114
20 67
43 95
34 115
23 91
28 83
14 98
54 79
16 30
23 50
10 84
8 21
23 120
55 61
43 109
14 65
43 82
30 63
53 112
6 43
26 79
45 90
15 30
55 65
81 112
23 90
44 51
64 106
6 21
9 117
3 96
53 83
44 80
31 88
9 78
36 95
18 49
8 19
79 90
78 123
16 83
80 101
94 116
26 40
5 111
80 102
2 124
27 110
10 91
35 65
0 66
33 40
12 74
33 35
82 84
33 50
62 85
3 104
68 107
26 114
37 108
1 17
71 85
3 55
6 106
77 120
15 63
35 96
10 83
56 98
14 119
87 119
49 106
23 95
42 83
35 78
82 97
85 98
34 79
113 119
29 78
44 63
44 73
46 74
94 114
20 45
76 78
69 98
68 80
50 104
48 92
88 110
72 75
65 66
3 51
28 43
72 104
83 100
31 94
29 96
24 113
25 52
24 51
56 87
102 116
26 54
62 82
12 18
19 76
11 100
102 109
64 75
21 32
110 123
43 73
2 86
73 95
63 121
11 50
95 106
86 110
65 101
27 120
31 54
20 89
5 97
77 86
31 34
56 76
31 58
19 46
86 97
99 107
14 64
58 79
46 73
20 34
18 98
12 23
34 55
68 123
97 100
19 50
105 122
6 44
72 111
20 96
4 82
100 104
7 11
4 74
49 85
43 96
34 67
7 51
27 76
96 106
22 64
116 121
55 103
43 120
24 63
30 56
28 105
61 119
6 50
65 72
82 123
22 73
33 56
27 90
31 42
15 46
24 79
73 120
57 69
68 91
13 33
27 102
49 67
40 63
90 123
45 124
17 75
6 29
61 108
7 85
10 52
72 116
18 111
12 75
8 119
80 100
87 91
33 82
3 119
33 115
43 107
95 118
13 110
3 111
10 60
11 70
15 99
61 74
8 53
23 62
27 55
36 107
1 58
53 70
35 68
94 104
43 58
0 49
41 53
5 33
2 123
46 112
78 88
47 118
26 49
19 75
16 32
57 95
51 123
38 101
51 120
36 62
20 70
28 87
24 91
21 58
17 38
31 81
60 95
89 98
15 27
25 93
58 107
46 57
28 120
7 56
14 35
60 124
54 86
41 61
76 104
14 37
27 67
32 95
28 122
7 44
3 42
12 51
62 70
21 54
43 74
19 88
16 22
105 117
66 69
42 110
38 55
59 118
3 84
8 17
78 90
33 95
28 59
8 46
107 115
76 117
64 116
10 14
1 102
69 86
77 82
65 110
45 48
66 67
48 97
11 105
52 90
12 91
12 36
115 124
95 96
32 75
24 53
10 22
62 84
53 108
20 74
45 72
14 97
15 62
31 90
7 73
49 104
85 108
114 118
6 118
115 116
20 66
104 114
25 40
94 101
2 87
23 58
37 69
26 85
89 94
73 87
73 75
63 93
14 61
111 117
40 86
19 55
1 108
5 16
6 63
69 97
36 47
24 77
58 78
72 91
1 40
14 102
29 97
13 62
80 113
9 55
43 100
10 116
81 97
20 31
27 98
89 99
0 44
69 81
31 69
7 115
90 117
60 111
19 114
5 65
39 119
15 95
33 83
26 27
64 100
21 45
15 97
60 67
2 22
97 110
74 99
89 97
7 68
22 123
81 82
55 79
19 22
7 72
78 95
37 51
7 75
38 63
3 79
84 117
2 12
92 121
101 110
3 52
68 94
39 66
44 104
4 49
74 87
13 54
32 37
2 59
44 60
27 113
44 77
47 98
55 104
9 36
44 50
7 26
5 63
31 37
34 74
6 48
5 110
61 64
32 97
16 114
24 124
45 118
65 106
7 109
34 105
0 61
101 102
18 52
21 90
19 112
2 64
10 23
26 80
78 91
66 108
34 83
74 78
28 67
40 113
30 99
4 23
6 96
32 57
15 36
54 89
4 43
69 85
98 122
72 115
23 26
77 90
3 44
114 116
7 30
15 49
51 64
89 117
0 110
37 55
53 84
70 105
44 71
44 118
77 114
66 86
36 110
29 84
60 104
16 121
49 103
24 85
55 101
6 90
2 100
87 93
33 61
35 69
2 120
59 119
2 119
47 50
27 41
27 119
68 102
39 44
34 63
110 122
9 59
71 113
32 113
9 100
51 79
14 52
4 109
36 40
108 111
62 86
69 107
65 107
38 119
18 104
110 120
38 99
97 116
48 66
28 38
28 118
8 77
19 105
8 39
21 40
4 48
82 98
78 80
35 61
69 91
95 101
10 113
3 92
57 94
83 91
20 109
4 124
95 120
60 94
12 78
96 110
24 58
91 92
34 76
97 102
21 61
8 65
7 25
64 109
48 101
1 57
3 82
0 91
45 60
8 116
84 98
41 102
71 104
3 30
75 104
18 19
8 110
41 111
59 80
39 58
73 102
33 47
2 13
47 93
5 24
2 121
113 123
80 83
12 66
5 124
52 99
89 101
41 46
9 107
40 61
15 16
71 124
16 56
54 93
46 88
9 21
4 88
83 118
53 59
49 121
34 107
85 86
59 66
17 98
31 48
19 116
2 89
65 95
1 4
70 77
48 55
80 98
58 92
64 84
