1490277882023825900
125
771
degree
1
58 
100 116
14 77
6 83
90 101
10 95
10 76
62 92
46 119
43 117
27 115
17 91
7 50
31 58
10 83
26 104
59 87
35 121
17 61
9 13
71 118
115 116
63 85
27 90
23 108
18 108
12 84
35 123
51 56
29 40
67 114
45 88
9 83
38 110
7 49
80 107
36 91
43 94
46 58
21 36
21 110
104 105
35 80
57 60
37 63
4 83
46 63
3 11
103 118
62 98
56 84
43 105
19 34
36 93
26 58
14 57
67 89
41 116
9 38
37 106
27 54
50 58
12 122
39 121
72 74
0 68
18 59
3 113
28 110
7 19
50 83
14 102
109 114
61 66
2 114
25 31
87 121
5 25
25 29
76 97
10 27
69 90
32 120
92 93
8 39
58 86
82 95
12 27
1 41
108 119
33 90
18 103
38 88
70 114
17 77
94 112
48 89
12 47
18 74
78 94
61 114
55 82
7 22
3 37
79 123
0 25
32 117
6 44
16 61
30 103
5 124
59 81
24 79
65 109
41 111
15 83
53 56
48 52
57 73
44 75
64 121
20 88
17 99
51 96
42 47
17 105
77 87
102 119
27 45
40 117
19 94
2 26
14 30
88 95
28 35
82 97
14 87
91 110
66 124
26 60
31 101
24 124
53 108
8 91
53 58
42 82
52 102
51 123
71 81
83 96
82 100
32 69
33 99
100 113
14 59
37 124
19 96
19 20
7 114
20 66
17 90
12 108
3 41
43 60
119 120
41 81
88 101
16 48
45 94
50 108
55 70
71 97
18 57
12 76
6 27
111 116
7 61
56 89
48 115
39 118
44 62
19 59
26 89
61 123
33 112
6 61
23 123
9 120
59 110
48 73
24 69
63 109
9 11
4 124
2 101
14 73
23 50
84 124
13 86
12 80
78 121
31 67
5 81
110 117
61 81
22 118
26 54
35 84
73 103
18 52
71 121
38 120
5 14
44 80
6 24
38 123
59 111
37 73
59 99
58 78
48 78
21 70
63 92
41 47
109 111
112 119
49 99
29 57
37 119
103 107
56 76
5 84
61 62
2 82
21 40
57 67
13 20
19 76
26 83
57 68
0 80
10 93
21 115
97 102
52 119
65 85
79 121
27 81
56 94
44 117
5 8
12 17
42 58
53 89
33 78
33 55
42 101
15 48
5 56
8 51
1 30
11 111
30 85
115 120
11 58
18 66
33 53
43 103
49 96
56 78
69 95
50 60
20 64
61 76
37 72
9 73
71 122
66 104
31 118
42 65
34 78
68 69
41 75
67 116
16 53
58 88
16 28
6 86
27 100
24 81
84 91
12 86
18 101
86 110
9 40
51 103
1 33
100 114
16 40
64 118
15 115
77 123
69 88
1 21
92 108
80 86
40 76
93 105
22 88
9 53
104 110
54 123
28 76
56 65
78 97
71 72
2 56
9 41
71 88
59 106
29 97
22 53
0 18
44 119
52 118
67 118
100 111
24 34
84 114
65 95
51 99
2 98
60 68
98 107
5 122
52 85
19 84
5 46
28 60
55 61
33 34
57 66
78 81
58 108
79 119
41 118
4 110
20 45
32 49
62 71
24 62
18 105
60 83
1 89
50 61
24 82
85 94
69 102
8 42
39 77
77 111
82 111
110 116
30 73
0 41
36 117
45 50
47 49
69 77
61 97
68 86
40 77
7 23
62 79
52 80
30 72
2 92
1 26
38 76
53 111
14 110
15 87
1 22
41 42
22 100
12 82
122 123
32 118
27 99
88 114
30 32
63 121
9 23
30 62
86 115
69 103
106 110
73 121
19 52
61 94
14 46
55 73
25 34
67 109
14 26
50 71
6 62
11 36
74 97
61 113
21 74
2 3
70 71
6 48
88 102
13 95
31 68
59 90
13 78
30 89
82 112
24 26
0 27
90 100
45 58
23 37
5 17
0 59
52 116
25 75
17 50
40 103
94 107
15 102
73 94
26 68
20 27
2 57
17 85
39 72
20 42
95 105
74 119
33 61
1 35
65 73
108 109
76 93
33 114
19 49
0 79
0 10
33 120
47 120
62 70
6 88
18 115
27 77
45 107
10 94
70 76
0 83
17 54
49 94
68 112
110 113
66 108
13 39
46 53
29 117
83 118
76 86
31 54
48 77
42 119
94 120
5 11
60 112
39 99
120 121
64 87
78 118
101 102
75 101
42 91
1 80
22 86
55 97
21 50
72 114
39 88
15 59
49 79
23 54
29 113
62 63
1 34
7 104
19 36
40 102
68 93
87 96
1 17
16 113
19 101
89 109
84 104
52 98
47 111
37 89
20 59
54 115
104 109
47 86
23 101
13 79
88 90
6 75
46 72
43 109
2 4
114 122
67 71
5 24
68 83
11 79
53 113
20 60
34 73
24 60
7 58
102 110
84 89
28 105
36 107
36 100
65 66
89 99
25 112
0 47
8 75
34 124
57 110
7 39
8 121
5 41
102 124
25 115
118 121
78 101
71 82
47 76
10 92
5 26
58 113
14 31
16 117
29 109
83 93
91 102
30 124
39 63
56 99
31 44
59 105
88 121
5 45
45 103
28 87
63 95
114 119
35 72
28 80
80 95
78 79
54 114
52 112
79 124
47 57
33 97
26 33
52 113
16 38
47 98
75 123
45 60
14 96
2 49
71 114
20 87
33 65
93 120
64 84
0 72
11 40
27 108
26 32
49 82
24 59
6 45
30 71
17 114
43 86
25 73
7 48
75 118
27 44
15 110
39 105
60 121
58 91
13 54
0 57
48 103
32 67
90 108
55 109
88 108
40 56
13 74
16 73
73 107
51 57
13 26
53 82
35 43
64 117
36 75
72 99
29 78
46 57
44 89
37 48
67 124
9 104
68 119
52 76
26 56
6 7
37 71
84 94
47 71
74 109
80 105
0 42
63 91
17 83
5 6
7 86
49 100
9 62
32 46
61 84
16 58
87 110
19 108
8 15
1 116
10 107
12 119
85 103
76 112
46 67
68 100
39 96
55 108
19 44
6 93
0 81
11 76
40 83
93 94
75 104
55 62
58 106
36 52
53 78
6 38
63 119
57 119
71 83
58 114
2 113
51 59
63 69
45 74
98 105
95 98
83 89
37 76
76 84
64 73
80 87
106 108
43 45
75 113
12 28
26 55
37 113
12 65
14 35
30 42
5 34
3 48
66 76
24 54
57 91
44 79
70 96
14 98
37 49
31 104
9 69
29 56
97 98
6 28
40 68
34 108
115 119
3 21
29 60
3 4
4 94
61 75
79 89
81 93
1 42
5 67
21 73
28 54
20 54
44 61
44 102
38 45
11 56
18 36
23 64
33 103
29 101
19 56
81 118
45 83
107 124
60 87
38 101
9 42
14 55
26 34
72 80
70 87
3 58
4 8
55 111
41 56
30 47
87 95
68 73
82 123
43 120
17 96
13 42
64 107
8 67
13 80
42 73
29 54
12 104
32 83
2 31
114 117
7 73
67 72
32 89
10 58
34 82
14 82
31 100
35 112
58 67
1 72
10 96
20 103
62 73
0 50
75 92
80 97
7 116
24 122
20 61
46 50
65 117
20 74
8 27
17 118
41 87
32 39
3 35
48 58
72 86
63 99
15 112
82 84
17 101
18 118
7 32
0 2
53 95
1 15
46 96
49 54
83 121
85 98
14 52
14 48
31 53
36 108
92 106
3 62
20 58
92 96
12 26
69 70
60 81
9 75
28 115
46 104
32 98
2 102
5 23
30 69
21 46
88 92
106 107
9 108
107 113
39 117
37 77
38 47
90 120
9 52
61 108
56 119
10 84
98 103
11 35
4 101
31 66
23 45
66 110
21 27
27 34
86 123
109 122
61 105
15 57
34 71
13 55
27 80
