1490277881716197925
125
450
degree
1
15 
69 94
92 113
64 87
60 104
63 78
29 113
63 103
20 122
15 102
32 65
103 118
13 96
6 7
0 62
25 31
6 46
43 79
58 107
100 124
63 67
42 108
66 82
60 77
38 78
21 84
16 113
53 75
79 122
88 102
74 81
12 39
53 70
3 82
12 75
10 103
20 41
34 122
1 115
24 47
16 94
41 119
81 84
17 100
101 121
46 114
47 75
35 116
73 119
24 116
68 87
17 45
43 81
73 78
46 71
13 31
30 112
61 71
86 104
15 85
6 55
69 83
81 92
62 93
6 68
78 91
64 104
37 48
28 41
0 11
11 68
19 100
16 35
41 56
62 69
39 44
113 124
9 46
41 121
18 93
57 84
22 113
37 69
15 18
57 117
25 29
41 59
48 89
3 72
10 76
42 117
14 62
110 117
40 112
52 58
36 41
24 65
16 27
98 118
113 123
42 106
52 85
11 40
26 101
23 61
39 105
87 109
51 91
22 95
35 80
49 108
3 32
5 78
90 98
4 103
1 107
2 42
8 31
93 120
15 97
99 117
20 54
50 104
25 33
3 111
2 78
12 38
9 60
5 34
1 59
17 54
104 119
19 39
20 102
46 96
68 78
26 83
52 109
37 117
50 63
49 82
1 3
14 115
32 55
64 99
59 93
34 96
52 93
8 119
4 48
20 37
91 99
25 55
14 27
80 95
13 66
1 16
48 119
17 38
2 118
100 113
3 87
86 112
40 53
47 79
75 100
89 122
1 37
42 59
18 80
24 54
19 97
14 35
21 31
34 123
49 74
59 84
53 106
91 122
30 51
33 102
15 68
0 84
75 103
1 93
15 106
35 95
42 52
18 32
76 119
7 122
21 112
22 116
2 95
63 69
32 80
44 83
28 52
26 123
12 58
13 56
49 110
59 106
29 86
24 38
71 101
13 123
68 91
73 74
14 49
46 70
43 82
57 111
64 101
10 12
5 67
38 106
47 120
5 88
2 106
4 6
5 9
58 61
21 103
88 117
96 103
53 77
70 98
80 109
12 111
54 70
45 96
50 67
74 112
3 89
33 123
63 89
5 49
71 83
15 66
7 11
22 115
72 101
33 96
19 113
70 114
10 11
88 124
56 57
41 84
6 24
30 43
0 95
20 97
5 64
68 90
34 73
10 97
9 42
111 114
7 42
45 53
50 86
82 99
4 45
87 116
50 76
101 110
2 34
31 80
25 119
78 92
11 21
41 109
103 111
1 15
29 115
19 51
12 108
69 80
4 100
51 119
19 124
4 29
64 71
17 56
6 64
12 80
25 91
47 97
29 64
35 74
8 79
50 79
71 118
46 117
80 87
13 27
2 43
27 118
56 95
0 89
14 58
74 116
61 74
47 49
81 120
28 70
93 108
50 78
65 75
75 101
87 121
67 74
54 73
115 123
2 10
62 66
4 47
87 124
21 88
26 47
86 114
36 48
104 117
4 16
107 123
7 68
18 83
98 122
61 120
7 34
5 11
32 110
59 61
109 120
38 57
15 96
4 105
23 59
3 16
29 107
79 113
77 81
13 62
67 84
20 118
28 84
80 116
32 45
46 51
39 121
54 124
34 118
62 77
25 73
19 93
59 91
0 39
37 109
16 21
54 71
50 98
36 72
51 54
32 99
89 109
13 80
69 75
38 98
20 31
31 47
17 83
39 42
48 96
24 45
38 97
37 41
21 50
5 54
8 22
42 75
15 77
42 103
56 59
81 111
84 123
0 4
66 120
13 105
46 49
35 43
11 38
31 43
36 81
15 31
8 32
71 119
16 68
39 56
95 102
31 87
4 97
33 54
20 94
69 105
3 65
6 112
47 118
27 95
44 60
46 47
1 32
9 119
8 66
68 105
33 114
1 91
4 87
17 34
14 88
16 110
34 71
6 18
90 91
54 105
20 59
2 13
101 102
37 80
15 28
28 109
22 41
85 100
0 32
75 99
41 70
5 43
23 78
0 19
10 95
10 32
82 103
12 53
40 88
10 28
6 69
58 88
4 102
17 87
80 93
5 13
40 94
76 80
12 81
57 114
64 80
44 91
52 103
11 87
3 14
67 76
60 90
15 34
28 96
40 83
67 79
85 122
92 109
31 42
41 60
10 34
39 119
14 66
6 45
41 116
58 85
13 81
119 123
10 15
58 79
69 118
18 60
103 110
85 123
49 124
7 38
61 70
117 121
47 114
24 76
30 96
21 93
33 53
58 92
25 38
60 108
46 58
21 121
18 85
7 117
81 82
45 98
3 5
15 86
25 50
83 85
16 45
28 98
9 106
11 118
25 70
54 97
23 111
31 66
12 72
6 16
8 93
33 108
93 117
56 115
100 108
38 85
58 104
92 99
23 110
16 117
6 96
8 88
53 79
12 92
81 108
48 121
11 73
67 88
61 64
45 123
68 104
27 45
70 117
57 113
7 60
40 75
0 17
10 67
56 58
42 51
20 21
22 120
33 109
40 73
105 116
41 45
25 78
3 123
65 73
29 37
100 121
6 17
37 110
23 55
15 109
50 92
37 49
72 73
