1490277881575125819
125
450
degree
1
41 
0 65
32 65
32 47
67 106
18 27
19 86
26 31
47 82
84 95
24 114
41 120
88 92
59 117
73 86
2 4
32 51
77 120
40 78
42 97
12 41
89 110
6 24
4 88
59 71
0 91
27 28
24 105
15 123
46 47
84 90
60 100
30 52
16 88
82 110
36 76
9 65
23 66
46 75
68 117
35 60
48 123
2 45
26 114
41 66
19 63
15 71
41 56
2 6
61 120
13 73
80 82
76 87
84 114
72 106
101 117
16 48
52 57
9 97
36 75
60 96
53 85
2 30
23 80
35 78
20 107
12 17
44 91
22 110
56 119
7 112
0 6
89 111
42 124
89 107
69 98
103 122
50 81
64 73
38 64
35 64
5 97
25 122
48 116
21 32
11 27
40 52
39 47
19 115
25 106
79 89
5 10
39 49
47 122
28 100
63 113
62 68
6 69
13 33
14 86
41 58
8 34
37 92
25 83
3 107
72 74
10 53
7 56
50 106
121 124
20 70
44 104
1 84
2 43
79 99
93 120
18 29
50 109
54 81
18 108
34 58
85 94
62 102
28 55
105 118
86 89
51 104
52 120
64 111
60 104
72 97
79 97
30 41
36 90
56 75
90 102
2 123
24 61
88 111
64 87
40 82
22 87
3 72
83 115
14 79
59 89
41 121
34 51
72 114
18 67
72 95
62 107
37 99
70 71
22 102
59 110
19 123
22 79
55 76
46 92
58 82
28 89
3 61
38 92
33 40
46 70
85 114
31 112
32 41
44 83
27 62
48 88
67 91
4 98
72 108
7 9
43 87
63 64
81 89
64 65
59 106
60 66
10 110
20 111
69 76
65 108
55 80
36 59
7 109
5 27
97 100
7 115
22 70
25 37
18 100
16 62
31 56
106 116
35 104
31 38
38 83
4 57
81 105
85 124
30 64
24 51
22 38
44 80
73 74
35 71
40 104
2 44
16 25
6 79
1 45
11 93
40 111
3 28
45 105
28 102
10 108
24 77
18 120
81 124
38 101
51 119
41 50
95 112
60 95
63 97
36 40
66 84
20 63
105 114
110 122
19 113
84 104
24 88
33 51
46 50
2 97
41 89
30 100
0 36
46 53
53 88
85 93
10 26
27 124
16 73
73 90
7 116
61 79
59 84
91 116
7 121
0 19
73 107
31 120
12 83
17 21
1 47
49 50
70 81
16 119
32 104
89 105
13 14
102 120
76 86
15 42
37 94
9 33
13 122
30 55
39 121
18 60
7 33
28 118
81 88
55 87
14 124
8 65
21 46
1 67
22 41
55 95
17 81
58 63
45 69
24 58
24 44
28 99
6 29
50 83
0 32
41 73
47 117
34 63
29 46
79 121
40 102
68 97
1 81
35 59
8 58
13 61
34 91
97 107
32 72
70 117
87 93
30 103
11 44
19 114
89 121
8 94
92 110
94 116
50 63
53 109
103 120
1 101
45 103
22 69
70 113
44 69
93 102
1 29
36 78
11 24
28 119
14 77
69 108
88 112
34 43
21 103
9 78
73 103
73 106
1 94
50 89
55 98
86 114
109 124
10 61
79 110
37 48
46 57
54 59
15 109
56 94
44 90
12 27
52 100
0 116
24 56
34 120
51 75
99 116
29 63
67 109
82 118
80 101
96 99
16 110
9 92
43 97
47 121
91 110
29 105
50 53
31 72
6 15
12 16
109 123
69 94
63 93
39 101
77 118
30 63
13 116
9 23
32 75
99 109
8 55
13 89
20 80
16 97
58 76
28 86
42 107
84 102
64 109
20 39
48 97
105 124
43 71
6 91
16 33
46 107
12 52
74 119
63 124
81 111
32 58
91 105
57 107
41 54
98 118
49 54
99 114
72 85
93 98
20 35
42 93
111 117
39 51
68 119
74 115
12 103
4 42
11 104
67 104
17 47
88 95
18 24
49 52
39 52
5 12
74 85
39 93
81 86
18 69
101 120
11 68
113 117
57 67
34 99
47 59
45 62
41 119
27 113
22 75
93 115
114 116
78 92
64 101
51 106
61 96
25 90
2 54
86 119
31 83
38 120
61 110
39 76
44 108
35 73
86 101
20 51
16 96
96 121
9 73
34 98
7 67
44 89
24 53
87 101
60 80
48 80
87 119
73 80
20 79
74 92
50 68
11 63
81 104
20 82
3 122
67 72
65 82
0 81
48 84
12 46
40 60
34 121
5 31
28 38
1 120
24 111
50 116
27 61
29 122
5 22
48 73
88 101
38 102
0 20
33 75
57 72
66 117
19 82
6 31
27 95
50 94
48 69
7 16
5 50
48 104
57 105
18 117
58 121
43 112
37 55
80 124
57 68
88 90
36 66
7 122
43 73
33 103
91 98
54 77
72 112
63 71
23 114
107 121
17 119
63 86
61 84
14 85
4 43
73 124
100 105
31 41
49 82
47 99
66 102
1 107
59 108
10 70
4 31
41 96
4 70
4 32
23 44
44 113
28 66
13 111
8 26
0 11
85 107
32 39
0 64
60 119
20 26
