1490277881804675774
125
614
degree
1
48 
30 59
31 32
7 51
77 115
2 78
25 59
31 95
15 36
9 66
35 37
56 67
71 81
87 113
41 55
58 91
70 123
26 41
51 79
35 98
31 46
42 91
12 19
21 49
13 46
37 118
10 14
2 56
81 97
85 101
26 123
49 62
84 87
55 106
25 39
15 18
41 65
32 96
14 87
2 53
70 113
104 105
89 110
24 46
27 78
91 124
30 63
51 60
8 88
13 36
28 47
7 122
81 122
52 121
3 24
64 88
44 121
31 50
45 61
34 98
34 60
108 123
88 110
46 122
30 48
55 104
2 87
60 115
62 74
22 64
65 89
26 31
55 91
45 92
6 37
8 86
10 11
65 83
15 45
20 74
63 102
48 49
45 121
40 84
83 102
69 79
23 115
62 82
40 99
9 101
47 74
5 18
19 67
53 103
67 100
49 85
33 89
66 76
54 89
95 109
68 103
71 117
29 93
4 52
16 48
80 91
16 94
69 114
1 52
78 111
43 85
32 57
77 112
65 72
0 110
119 123
99 116
11 90
1 75
13 120
23 38
38 73
7 29
17 20
77 107
70 95
3 20
5 119
8 22
25 100
44 101
41 110
11 72
60 66
70 118
57 75
81 100
103 112
54 65
10 52
14 65
37 75
72 101
0 75
79 114
45 79
6 65
93 107
3 37
19 75
19 85
72 105
15 43
27 29
61 112
50 55
11 42
44 82
45 70
65 77
6 26
82 121
9 76
29 108
33 72
48 117
6 111
10 67
7 119
40 58
48 53
45 104
1 53
88 101
32 108
57 123
1 99
86 110
7 54
88 104
8 84
89 108
34 124
49 91
52 70
47 96
41 88
46 73
57 117
1 67
44 64
26 121
12 41
17 47
36 60
80 92
36 42
2 115
0 50
2 13
16 62
31 61
52 124
12 119
70 120
4 49
61 124
46 71
26 85
21 41
66 109
50 110
45 100
38 72
107 120
15 114
20 28
14 122
54 119
37 80
17 92
6 27
2 74
1 48
30 93
15 47
5 37
4 59
91 107
39 106
48 120
12 113
11 87
94 106
4 91
13 110
49 78
81 90
20 45
53 74
76 81
55 90
6 44
44 52
41 59
67 71
43 97
64 83
26 93
93 120
90 95
10 73
14 17
42 113
32 114
15 39
43 93
18 122
31 118
7 79
4 19
10 42
21 90
55 100
53 92
65 80
59 88
9 16
48 61
42 122
9 31
30 52
11 24
73 124
23 118
29 77
21 69
25 46
29 83
73 94
13 33
44 59
7 18
68 98
23 68
79 86
20 71
60 86
13 23
57 120
10 111
63 71
44 57
38 42
13 109
8 111
51 61
88 124
78 105
15 108
71 75
77 101
11 75
25 52
48 74
0 32
27 89
58 110
11 112
50 121
11 96
48 107
71 110
5 82
29 58
75 119
17 58
8 105
6 110
79 87
35 99
61 79
28 72
6 96
22 74
42 79
6 29
47 90
45 71
1 101
3 33
68 81
54 111
107 124
49 108
75 117
11 111
50 70
90 92
71 112
72 122
87 103
48 104
17 103
78 102
36 51
47 91
64 68
1 93
105 122
21 28
14 67
15 67
4 8
94 109
41 115
91 92
11 108
3 87
89 100
72 74
26 80
67 112
56 109
61 120
3 112
2 23
43 68
21 75
18 64
79 108
39 69
38 93
4 73
54 79
80 90
15 112
101 110
50 105
5 42
55 93
90 99
13 105
76 112
38 98
84 89
23 114
87 124
3 101
37 72
8 35
77 89
25 79
0 6
78 87
25 103
23 35
20 105
31 76
13 113
32 46
2 48
54 103
27 108
52 81
8 32
6 41
95 118
24 61
28 37
24 53
9 54
1 24
16 49
17 81
30 104
67 121
3 107
1 42
66 99
85 116
32 62
36 67
27 90
107 110
5 14
20 50
93 99
37 112
69 94
75 98
72 115
91 109
35 73
99 105
4 103
63 80
10 64
40 80
91 114
95 117
6 52
29 113
111 116
38 92
33 76
49 94
29 44
27 65
7 47
30 49
33 110
13 100
52 62
13 78
30 67
43 63
0 112
104 114
30 119
24 72
26 29
0 83
54 57
10 119
63 64
101 108
87 92
53 71
54 70
76 82
41 62
63 99
35 76
11 47
6 55
90 115
47 112
95 111
96 112
0 72
0 71
17 26
26 104
101 113
56 57
70 85
28 119
17 89
81 120
39 48
36 120
72 94
45 116
0 116
67 99
49 87
4 13
61 87
31 58
94 105
110 116
22 121
48 82
54 115
69 86
41 51
22 119
62 123
57 81
56 106
81 84
101 109
5 94
4 11
93 123
32 90
36 115
25 111
32 77
4 70
62 78
58 104
78 113
9 124
68 69
27 98
38 107
8 122
14 84
92 93
73 104
8 52
24 29
32 112
36 118
50 94
3 81
5 114
80 116
74 86
98 104
45 55
54 98
34 97
38 58
10 101
45 119
84 98
38 124
33 112
34 92
2 6
45 120
48 123
37 60
47 114
26 102
63 65
49 50
5 17
22 49
42 70
16 119
20 101
2 122
22 117
100 122
63 69
82 86
25 40
60 107
43 105
43 66
16 68
65 117
87 121
13 60
11 60
46 93
7 28
17 85
24 59
17 70
72 96
63 91
19 39
7 60
2 57
85 111
8 57
37 77
102 104
86 107
71 124
70 76
54 100
67 123
41 98
13 41
11 100
44 69
25 34
7 37
17 51
37 91
4 32
49 95
115 119
35 55
10 102
24 69
29 111
24 98
31 104
34 52
42 111
46 97
17 118
30 114
2 63
26 96
36 114
71 82
97 124
39 116
3 85
55 88
4 115
70 94
26 59
38 67
66 78
94 108
117 119
21 91
7 48
65 76
28 103
15 42
41 105
47 69
93 96
50 123
17 64
71 105
30 87
0 31
33 115
17 107
2 52
95 97
79 118
79 93
32 86
23 53
39 118
66 89
56 69
82 117
4 12
43 86
29 38
97 120
21 48
64 73
33 114
50 90
23 61
101 117
18 27
71 72
20 99
0 120
17 37
87 91
66 101
12 99
57 103
50 120
14 72
14 123
23 36
20 98
49 69
22 44
9 11
36 82
79 94
103 119
32 110
30 51
6 58
84 96
42 58
18 44
80 121
8 117
9 63
10 75
