1490277881675773576
125
450
degree
1
79 
29 79
21 48
1 119
15 110
120 121
5 29
74 108
11 35
1 68
19 58
110 120
11 87
24 119
76 84
46 90
44 52
8 119
55 102
69 91
12 55
15 87
52 73
55 89
17 112
14 35
20 57
76 87
83 106
0 93
67 83
62 76
42 91
53 100
51 90
47 69
21 124
64 75
1 32
24 41
36 80
38 73
0 1
34 115
38 43
14 71
103 114
6 67
2 111
4 79
98 113
44 106
19 102
32 55
77 123
2 80
44 57
13 72
37 118
1 92
37 98
79 81
0 63
11 48
56 116
59 80
4 12
62 95
15 47
10 17
1 109
65 81
13 40
15 65
57 60
34 84
69 103
45 111
21 98
1 51
31 100
47 99
22 25
118 122
30 83
20 76
45 79
74 89
32 70
65 77
78 93
13 32
19 26
34 49
17 18
18 58
9 23
50 75
19 23
10 27
83 94
7 44
82 100
35 66
95 117
69 96
75 98
41 101
12 88
47 100
98 105
1 25
22 33
7 54
106 116
38 39
16 32
81 107
3 93
5 85
86 116
22 61
36 104
28 113
75 97
22 37
116 124
5 41
69 120
12 30
7 22
2 25
18 79
27 121
57 90
5 99
48 72
6 77
18 100
30 96
39 64
46 77
25 38
22 43
40 64
43 117
14 62
88 102
7 50
74 79
9 16
54 91
40 95
8 114
36 69
47 84
41 65
41 79
36 77
8 80
69 87
51 92
46 89
47 62
73 113
9 81
10 101
43 97
28 81
28 91
30 91
85 86
37 71
70 114
109 118
86 110
16 72
16 87
16 92
16 22
26 107
11 77
17 33
23 54
51 93
9 36
83 117
39 120
79 110
18 46
44 59
16 85
5 9
29 95
40 62
63 113
13 36
39 98
50 90
19 116
8 31
17 89
5 44
17 79
61 89
67 87
11 123
25 87
78 117
0 48
21 83
1 53
21 55
55 113
30 78
113 124
11 86
8 112
35 88
51 112
23 83
2 117
50 105
85 109
13 109
91 124
13 79
56 98
74 78
84 105
3 63
31 41
52 121
59 113
19 32
8 60
17 102
17 121
66 120
15 97
1 113
21 54
108 121
17 29
33 54
5 65
93 116
51 78
29 101
15 86
56 107
100 107
17 108
22 54
73 92
54 98
69 89
67 109
28 76
49 55
33 39
0 71
78 97
82 113
25 36
88 92
64 103
66 76
83 98
95 96
2 85
24 43
4 76
9 97
52 69
104 108
10 81
81 112
6 96
38 67
71 110
21 119
16 31
0 61
99 119
30 51
62 93
11 78
34 51
79 108
86 88
23 33
108 111
40 92
53 85
11 21
6 30
55 57
47 105
18 41
1 86
34 66
15 113
55 66
40 45
46 101
4 66
33 77
77 116
24 103
80 121
85 91
22 36
96 102
40 57
48 117
17 81
113 121
41 108
51 95
43 49
63 111
104 124
46 104
9 83
16 106
1 48
74 118
23 29
13 71
18 31
26 74
36 120
68 93
10 85
69 123
24 33
59 92
14 80
35 77
29 48
88 116
5 82
12 48
54 69
60 112
60 117
19 115
44 58
48 95
69 116
68 99
97 113
5 48
19 21
102 112
61 99
43 85
72 118
101 102
46 79
73 99
58 95
72 80
41 99
40 59
24 107
30 88
7 94
47 89
19 43
21 79
15 33
18 91
2 29
59 69
25 96
18 71
12 80
72 106
72 76
63 66
85 121
19 57
88 100
0 60
65 69
83 123
66 101
92 108
40 46
19 76
0 45
54 97
3 104
3 77
19 119
18 92
23 59
23 121
34 99
66 102
66 77
42 97
37 53
21 89
2 113
14 30
33 68
51 62
16 42
82 112
31 55
9 85
64 102
90 116
21 35
58 107
52 62
46 111
19 91
89 119
119 120
59 86
19 65
20 102
51 79
48 71
105 121
1 74
76 118
49 69
0 115
18 57
9 59
84 86
22 60
16 67
82 99
13 44
57 68
96 110
56 94
20 67
89 104
44 119
1 69
94 122
18 47
14 89
89 91
31 40
9 67
75 87
57 85
62 75
57 119
7 38
101 105
3 75
78 86
21 41
79 91
15 36
50 63
105 108
67 97
31 59
12 103
12 25
0 7
73 98
36 108
65 113
65 100
40 117
99 115
31 92
5 19
64 81
39 75
45 63
35 83
67 78
1 38
12 79
46 52
34 76
119 122
88 122
53 54
77 102
61 81
84 121
15 52
35 71
76 119
1 41
51 63
52 93
11 25
54 65
117 118
9 118
15 29
70 79
17 55
61 83
71 106
111 117
18 96
2 37
43 76
95 114
96 97
34 81
30 55
97 115
7 106
61 67
36 93
56 92
2 82
10 91
20 77
36 99
54 102
64 65
48 83
46 72
35 100
99 113
86 119
82 88
61 65
23 91
63 81
112 120
59 102
54 103
6 105
98 112
57 102
39 85
3 12
16 80
23 96
9 14
9 96
87 95
62 80
22 35
98 103
4 18
