1490277882003381075
125
771
degree
1
119 
17 87
0 2
63 86
53 124
22 70
73 97
32 45
72 110
15 51
8 56
81 123
59 98
2 42
79 88
45 47
64 115
114 118
11 16
80 123
40 114
11 31
89 118
14 122
53 64
9 124
95 104
92 107
48 93
43 65
28 71
43 117
3 45
39 43
29 101
2 80
69 121
40 68
56 94
105 112
8 109
10 61
62 75
11 99
52 66
58 119
81 118
50 113
86 94
11 63
7 12
50 115
2 17
27 107
55 64
50 89
16 122
70 120
90 124
79 121
30 91
48 110
42 97
26 122
86 119
37 57
25 79
21 76
20 29
40 119
24 65
26 52
87 93
77 102
25 120
18 69
40 85
54 114
27 70
22 97
18 32
8 20
41 84
18 71
97 111
19 50
105 114
13 17
49 122
6 32
38 59
65 72
77 103
96 116
1 20
71 100
15 76
4 75
58 75
38 112
60 112
58 84
34 55
57 121
8 44
58 82
55 95
46 52
18 91
49 78
106 119
17 116
10 63
103 108
21 112
66 77
7 53
24 83
33 108
5 6
36 124
14 67
3 35
23 89
17 74
30 79
30 111
40 110
13 99
2 67
1 59
36 93
90 118
46 115
107 124
42 56
10 93
4 104
39 108
9 75
49 91
86 96
24 104
43 46
76 89
53 101
8 70
38 56
46 67
18 76
18 37
69 86
62 96
46 107
44 55
10 87
63 113
31 57
98 106
34 95
53 58
43 106
57 116
25 119
36 37
10 32
16 59
6 18
20 64
27 82
80 100
84 116
63 99
20 44
44 51
39 75
19 81
13 53
67 101
37 118
77 117
11 70
13 111
25 81
7 64
12 22
107 115
9 30
37 90
3 95
34 57
36 100
75 76
67 118
33 53
0 7
30 69
24 81
14 92
76 92
4 115
74 108
25 121
47 54
26 30
50 76
78 96
27 62
49 60
30 74
52 115
37 52
55 123
20 59
31 45
25 36
80 89
43 58
8 16
16 63
15 23
22 113
72 88
1 61
44 81
7 72
39 89
38 95
87 124
3 58
61 116
15 45
36 74
52 60
38 44
5 11
56 110
11 55
18 47
70 109
72 85
37 96
28 31
50 52
24 114
37 113
40 108
34 96
50 119
65 76
31 67
81 116
56 69
27 34
21 97
33 93
115 121
16 82
48 118
54 69
23 110
31 62
64 124
115 116
29 119
1 90
9 119
32 119
2 92
65 92
27 120
95 98
11 102
3 22
74 79
47 106
44 49
55 83
27 52
14 68
70 76
57 78
64 78
4 16
33 96
41 97
12 56
50 77
4 35
20 114
38 39
51 69
59 107
55 105
38 53
21 64
26 90
16 69
36 40
56 93
28 49
48 82
78 99
74 105
35 124
16 52
20 103
18 39
51 94
11 42
20 104
51 116
17 32
26 91
16 38
34 36
8 37
39 120
23 82
79 86
74 88
97 101
17 75
42 71
9 23
54 88
23 71
75 112
81 103
44 74
73 119
69 120
33 103
97 107
60 82
49 113
15 56
46 118
24 54
78 94
22 119
0 75
17 59
14 61
54 89
23 42
69 88
44 89
26 112
39 99
115 122
50 57
19 112
44 59
30 37
52 95
83 103
73 102
30 84
62 70
94 101
54 83
45 86
27 75
28 94
27 36
17 18
21 124
22 42
31 48
98 103
72 91
9 114
8 63
70 81
39 116
83 88
4 42
9 48
85 96
10 66
24 94
12 90
11 47
16 94
85 118
41 100
6 81
54 111
19 75
28 69
90 102
1 113
26 109
15 91
33 66
3 122
40 61
57 114
30 61
22 115
65 103
23 124
23 84
14 93
29 92
38 62
51 97
82 84
107 119
1 73
44 63
34 37
35 108
1 106
85 107
57 96
20 109
12 86
88 89
57 104
23 46
20 89
15 43
93 98
12 57
78 91
6 102
59 124
32 122
36 57
50 104
7 66
15 53
32 92
35 37
21 39
33 104
23 115
85 89
35 96
92 100
46 64
14 97
34 75
108 117
10 122
24 105
54 109
5 42
52 119
79 109
12 47
0 114
62 118
9 54
35 93
38 104
3 98
53 62
20 23
42 55
53 60
49 100
82 92
81 95
11 91
90 104
40 121
78 101
32 90
43 102
85 91
57 79
53 74
17 27
9 13
3 4
38 75
57 72
70 110
29 31
27 123
85 112
1 117
2 34
32 114
76 94
120 121
3 108
26 43
57 109
100 124
0 112
31 97
10 120
117 118
18 88
36 47
16 58
7 78
43 120
62 83
38 119
57 67
80 102
85 117
11 101
9 100
23 104
61 101
18 51
26 41
69 111
23 106
10 69
51 70
79 89
62 67
15 61
39 64
25 32
9 107
21 61
47 55
9 38
16 110
7 26
17 105
18 45
19 56
79 106
5 50
39 94
37 40
89 119
35 121
17 68
63 92
29 105
109 117
17 61
11 64
20 24
37 91
95 124
27 104
9 96
8 13
55 62
18 113
83 116
2 65
0 8
82 122
74 83
49 81
25 69
36 92
8 28
29 100
78 97
1 78
59 67
44 100
75 83
90 106
42 80
49 111
44 71
86 108
20 63
78 92
62 104
17 122
29 55
85 108
61 118
50 122
4 92
91 93
0 18
103 117
30 94
74 85
92 111
37 103
60 102
72 81
2 15
30 58
77 79
51 78
58 112
53 119
15 26
19 24
24 29
70 95
85 124
12 61
43 119
1 57
62 64
46 111
13 55
2 86
21 107
46 74
15 112
23 31
79 85
37 88
16 41
43 77
23 120
80 94
69 106
65 116
31 34
4 82
12 71
33 112
4 38
10 26
76 103
69 114
10 21
26 80
107 108
36 121
27 47
21 100
20 21
24 50
25 76
1 88
96 124
61 106
26 95
29 97
9 66
46 48
8 86
29 78
22 67
0 71
79 96
44 108
22 103
32 77
64 118
30 70
13 79
66 115
40 66
65 118
72 99
79 90
16 93
71 106
10 101
64 89
16 18
21 38
84 113
39 92
16 101
14 106
9 53
4 28
5 53
45 93
29 89
103 116
46 62
73 78
63 87
24 27
6 15
6 115
55 94
0 73
88 116
86 93
3 85
6 105
5 95
83 124
6 44
34 38
13 81
84 95
6 113
12 118
12 36
82 119
66 96
58 98
43 113
40 75
54 113
18 57
13 104
30 56
7 90
55 108
29 84
19 120
41 63
51 85
39 40
0 74
5 69
32 83
7 31
32 81
2 64
11 105
54 99
61 79
12 19
31 119
14 77
34 93
17 20
34 58
13 119
44 65
48 80
42 90
17 102
63 77
11 84
3 36
56 116
20 97
11 13
15 121
56 63
1 28
43 67
59 81
53 97
79 87
11 62
38 64
73 86
0 98
41 117
70 88
2 18
61 119
0 36
53 120
38 118
78 98
22 56
57 60
13 74
12 46
15 102
6 65
39 117
29 39
11 96
28 37
86 118
33 119
49 63
97 109
0 49
28 59
66 108
116 118
102 120
82 98
1 41
10 48
67 82
8 66
95 114
38 82
39 107
2 73
20 30
53 67
0 99
57 87
39 119
64 91
22 72
56 98
7 32
3 70
19 73
13 85
17 89
16 60
109 114
17 19
31 87
6 55
17 100
49 86
7 79
66 75
11 69
7 105
62 81
100 104
4 55
1 38
13 124
13 60
19 29
40 93
73 94
63 118
28 97
86 109
9 77
91 101
103 109
42 93
86 105
36 113
22 77
11 81
22 47
4 93
31 51
30 39
59 78
13 50
23 118
10 114
36 99
58 118
77 82
28 54
49 92
58 59
27 43
7 70
