1490277882072911449
125
771
degree
1
94 
33 90
46 80
57 62
32 49
88 118
43 48
15 26
1 114
34 70
87 94
53 111
51 96
17 35
0 27
69 120
22 94
32 118
11 30
74 120
10 102
50 81
51 116
107 115
2 36
66 124
39 61
64 70
1 33
75 112
38 113
6 111
59 75
34 51
17 44
104 121
52 76
44 89
2 3
44 54
47 91
15 57
17 96
18 37
3 14
102 110
1 66
89 95
8 24
102 103
15 91
108 110
47 48
16 108
87 110
36 116
101 117
38 47
66 120
28 118
36 118
85 89
27 35
63 94
94 122
11 94
31 123
44 79
30 111
40 100
88 117
40 86
12 35
46 68
55 110
0 84
51 74
109 116
0 68
5 38
30 40
87 104
73 74
18 19
7 94
22 97
85 104
2 48
47 60
13 34
29 51
10 92
75 78
42 76
1 37
42 84
21 96
16 115
52 56
45 88
0 78
25 32
75 105
71 117
119 122
20 124
65 124
77 82
93 99
0 81
58 74
8 72
106 114
28 83
46 61
23 34
91 99
9 18
31 63
4 73
43 82
10 24
41 56
67 89
41 98
63 122
4 104
37 64
42 121
31 66
5 79
71 85
47 67
0 35
21 35
42 98
90 105
42 123
28 98
96 112
12 50
31 42
41 108
38 96
92 110
29 92
17 108
43 107
16 44
38 109
14 63
8 111
26 111
9 87
34 90
71 115
12 71
0 36
13 106
0 65
0 22
46 116
79 111
12 117
4 102
7 56
6 88
70 115
30 65
11 38
84 100
93 104
92 113
3 54
66 101
39 94
3 86
20 83
2 46
52 94
60 123
5 47
109 117
15 64
11 115
51 54
20 89
7 49
95 111
85 98
110 121
87 121
3 22
83 95
26 119
13 117
5 99
0 42
16 37
8 18
42 79
8 89
55 103
46 81
77 108
15 55
2 72
82 110
99 101
13 82
29 87
28 90
20 98
24 105
67 123
109 114
29 100
5 54
19 21
37 43
52 62
44 57
40 119
31 85
23 123
22 24
4 106
24 39
73 114
59 60
12 47
78 80
90 116
13 114
3 97
60 106
96 100
4 40
12 63
47 99
42 117
15 39
33 77
27 64
96 98
44 119
12 88
86 100
48 66
57 59
10 36
4 64
81 104
20 99
35 86
80 83
71 78
40 42
3 90
58 84
8 20
54 81
80 85
8 115
48 63
63 65
5 39
48 88
51 66
59 84
57 94
14 34
12 61
79 104
80 95
77 85
34 117
14 61
11 29
20 67
56 74
57 124
23 54
54 94
13 20
32 76
37 108
38 84
7 36
6 89
68 103
0 44
75 110
85 116
90 97
32 115
104 113
1 104
17 31
4 83
38 74
37 61
46 52
97 112
36 89
87 97
34 73
52 86
4 38
3 67
6 81
79 91
116 117
26 46
26 74
32 69
50 74
4 57
92 94
5 49
0 16
72 89
31 40
42 75
1 15
95 105
50 115
39 82
3 17
91 111
10 51
84 89
14 41
21 112
27 77
22 103
16 29
14 24
22 91
0 25
68 74
5 33
91 118
43 50
76 116
12 16
63 92
42 71
3 94
75 123
97 117
51 120
11 22
43 115
105 111
64 86
21 51
50 80
72 97
39 106
1 35
7 104
7 76
11 118
37 62
12 27
81 108
70 92
4 59
79 90
78 84
31 117
50 97
69 110
27 99
78 97
70 119
24 115
83 118
68 80
19 48
39 102
8 110
0 117
33 111
43 52
65 119
73 79
16 91
53 61
85 88
39 77
90 91
42 55
23 59
30 97
72 78
8 28
0 18
18 89
41 64
21 80
101 105
66 72
93 108
2 15
16 41
114 121
40 106
62 65
50 72
61 104
15 45
81 119
30 95
63 116
47 119
14 56
34 40
26 84
40 72
25 115
70 72
28 105
81 110
58 117
47 89
88 94
55 81
1 61
42 56
27 29
21 69
63 105
31 38
53 73
54 80
57 66
46 87
11 87
38 83
92 118
16 40
15 92
96 106
60 116
27 93
18 113
64 107
71 123
71 88
34 54
39 101
0 95
9 41
2 107
57 105
29 74
46 75
54 111
26 77
56 75
11 92
13 103
78 102
10 56
21 27
104 111
57 102
30 88
73 111
90 110
22 42
70 89
8 66
44 81
11 121
20 112
82 99
26 101
38 88
33 107
4 111
15 89
81 92
5 91
25 43
63 66
44 121
77 104
46 49
37 56
84 99
29 49
19 92
70 114
27 98
2 10
56 86
11 63
100 112
31 73
88 121
33 79
61 115
1 64
41 82
19 104
41 63
3 95
58 73
74 116
27 28
83 98
38 73
31 55
58 78
87 91
12 90
2 5
52 83
91 98
68 114
77 105
21 22
15 96
17 87
11 46
44 60
32 97
68 89
83 109
76 103
48 111
1 122
10 23
15 99
24 116
30 72
77 84
80 94
43 74
89 116
15 71
51 124
3 50
61 108
64 99
54 105
14 65
9 72
9 56
95 110
79 122
9 118
84 108
76 101
33 71
78 81
75 86
4 8
61 98
9 11
33 44
11 71
57 120
0 92
19 56
32 51
5 61
14 43
9 29
9 10
19 118
31 72
101 123
45 60
2 112
0 116
37 111
12 39
18 34
7 100
32 72
7 33
82 121
68 104
104 108
47 88
64 90
47 122
20 74
38 55
45 76
2 94
49 120
15 85
27 90
10 85
69 116
5 87
3 30
16 76
38 76
67 105
2 54
64 94
18 43
78 90
6 124
51 105
44 109
46 99
76 80
33 96
8 88
32 106
81 122
11 105
51 72
12 84
8 44
12 107
42 54
6 99
20 39
3 107
15 54
101 116
36 73
46 79
81 118
10 114
1 30
38 67
29 94
63 93
44 51
26 89
25 89
18 36
103 120
45 73
53 89
56 108
82 120
38 101
9 124
32 40
60 82
57 114
22 111
29 105
43 47
29 122
19 68
25 56
16 52
43 111
6 51
103 116
100 113
37 99
13 52
97 101
10 100
57 78
67 71
14 108
1 67
28 104
5 69
62 121
72 98
58 114
36 45
76 94
39 65
92 103
26 72
40 110
39 53
4 53
0 83
29 73
65 77
86 94
13 64
30 34
27 87
50 66
59 103
123 124
28 42
10 79
53 65
109 119
13 19
47 109
17 76
48 58
78 96
10 27
10 115
10 38
19 22
20 81
47 57
52 81
79 114
83 88
14 92
0 93
1 78
72 101
58 76
47 90
80 124
9 52
6 45
6 94
10 104
8 92
76 119
74 103
56 68
46 119
21 23
70 74
40 109
69 119
25 124
33 104
24 34
16 64
66 106
91 113
75 84
24 108
15 67
107 112
2 103
20 26
63 119
4 37
94 113
16 121
38 114
45 96
23 48
80 101
20 80
86 98
25 90
72 88
39 74
4 98
22 116
3 48
14 47
65 89
100 104
67 84
6 18
45 53
102 115
98 99
49 65
31 101
22 72
62 110
6 54
58 87
25 58
3 72
28 64
33 50
34 57
1 111
5 81
19 87
71 121
17 83
51 109
33 60
71 107
8 124
66 81
9 17
62 79
94 116
62 115
35 65
70 122
25 72
106 107
36 110
8 49
32 103
56 117
8 31
23 67
7 30
6 21
34 88
8 83
44 88
17 52
106 120
89 115
58 95
91 112
86 109
31 100
9 28
79 103
107 124
45 57
44 75
44 117
33 106
84 102
6 28
71 110
54 101
77 115
30 107
35 61
39 41
74 107
19 59
35 71
51 80
19 99
16 60
23 95
73 100
47 86
32 61
11 81
26 112
4 21
93 124
25 97
53 106
92 108
63 118
104 124
23 29
20 77
0 43
33 114
25 66
43 76
27 116
4 119
