1490277881637500686
125
450
degree
1
43 
103 121
11 23
35 41
5 32
23 28
71 108
12 93
11 120
77 112
91 104
36 124
18 31
27 118
13 96
16 107
2 116
94 120
12 116
15 48
14 106
60 73
88 124
12 84
96 103
1 108
4 15
2 26
16 95
17 78
83 107
9 47
49 50
31 41
77 111
98 121
91 94
43 72
46 78
1 25
25 86
47 84
105 115
111 113
102 117
71 123
37 53
72 118
6 68
58 101
24 80
50 87
20 28
76 119
76 101
17 54
78 102
87 99
58 90
34 38
85 91
38 52
8 43
15 33
111 123
42 107
71 105
76 109
11 46
21 64
7 32
20 26
22 91
56 69
107 122
47 68
22 34
88 107
21 75
3 122
29 109
32 87
35 61
5 109
50 98
74 78
47 83
28 49
92 122
6 70
62 121
25 50
61 62
30 50
83 110
69 112
37 106
78 79
26 97
44 54
7 89
43 101
39 73
9 33
69 73
14 52
82 86
81 100
40 111
75 116
85 114
55 124
59 103
10 102
54 57
0 43
19 94
80 103
35 66
65 96
19 51
8 67
96 100
15 63
3 45
42 65
94 119
1 51
53 107
2 43
97 115
57 91
1 109
11 27
25 117
45 107
61 118
98 113
97 108
11 42
27 74
29 92
4 41
62 67
53 121
31 51
23 118
43 119
99 116
54 109
12 56
2 85
32 78
71 80
39 79
102 121
33 42
28 108
68 70
1 53
73 81
0 33
16 101
56 86
12 21
43 70
3 108
18 61
85 105
7 34
66 117
17 97
28 68
11 80
24 70
85 97
16 56
4 30
0 38
39 59
15 114
31 39
9 54
70 93
12 53
51 103
48 76
15 28
63 106
7 10
106 115
59 124
83 122
0 103
73 87
74 122
55 91
29 84
36 37
29 64
20 51
60 71
116 119
78 90
75 83
120 122
78 104
42 117
69 111
111 120
8 57
2 97
10 96
13 71
25 118
15 104
2 10
107 113
11 61
39 75
78 108
83 97
50 68
39 63
108 109
2 88
10 74
24 91
80 86
6 32
9 50
8 62
72 109
27 108
21 43
15 43
87 94
13 67
63 94
67 122
48 82
29 116
100 109
58 124
63 66
22 24
81 107
46 117
47 64
24 77
92 119
21 83
60 118
5 37
5 79
31 42
28 52
15 32
32 37
38 119
30 32
42 78
32 36
11 100
4 47
60 88
7 45
92 120
19 22
46 113
70 118
1 32
62 111
70 83
11 41
3 109
9 75
33 92
59 70
13 73
79 95
14 62
18 106
4 110
14 20
10 93
3 99
50 113
29 100
12 122
32 53
17 34
35 71
48 77
28 109
5 121
41 78
93 116
74 124
43 91
80 108
53 63
17 58
59 122
56 85
72 94
0 4
41 110
27 72
50 104
9 20
26 85
84 106
14 27
52 114
121 122
27 103
3 64
39 92
35 106
21 46
45 66
24 89
3 36
6 27
25 52
35 64
2 59
12 95
86 93
86 119
16 62
65 118
2 77
21 34
0 17
50 84
35 44
39 103
43 66
9 46
37 88
40 93
35 67
62 106
22 45
73 103
38 85
36 86
45 96
15 76
104 124
103 105
92 116
1 79
1 71
7 30
2 49
49 86
62 87
100 122
15 56
35 83
65 108
77 84
13 64
23 112
0 73
46 74
88 118
49 72
6 18
35 84
17 39
5 88
111 116
12 41
67 103
65 104
21 96
22 72
23 107
73 75
20 75
34 36
43 105
22 42
34 82
2 21
22 58
32 72
6 52
59 120
70 92
31 85
97 124
32 71
16 52
36 40
42 69
4 113
22 93
31 52
46 52
53 105
58 109
17 75
38 123
5 11
39 121
50 59
61 95
6 49
16 47
46 124
23 98
1 59
19 24
95 114
51 85
5 51
33 120
18 113
15 93
88 96
8 35
16 45
68 73
59 82
2 18
104 116
16 26
67 109
103 123
76 103
84 94
58 98
66 77
34 72
28 62
45 53
33 106
40 101
2 19
50 107
19 99
102 115
31 68
47 69
38 97
15 87
32 75
4 119
30 44
10 40
30 59
30 118
14 99
43 55
15 53
40 118
1 121
31 58
6 17
44 63
93 108
26 100
27 106
31 84
43 95
7 20
71 72
25 43
18 56
33 57
17 42
12 112
17 105
48 49
56 90
6 81
68 79
15 85
30 57
33 45
58 66
37 83
6 124
11 53
34 103
110 121
49 61
21 61
15 119
89 91
43 58
76 92
47 122
25 64
15 71
19 83
88 97
32 41
1 12
25 46
43 57
14 30
19 55
12 19
17 19
109 112
120 123
32 40
35 87
18 120
82 114
115 120
47 88
22 52
18 64
13 16
28 87
5 34
3 120
31 96
14 34
24 27
0 45
24 79
8 95
90 92
58 73
4 118
34 45
39 122
2 62
9 21
35 81
11 66
9 107
33 35
8 90
13 120
31 45
23 87
4 42
82 99
25 115
52 65
79 98
69 70
0 112
