1490277881617290553
125
450
degree
1
8 
54 124
115 123
9 112
19 110
1 110
48 93
56 61
77 82
92 100
97 105
23 59
40 116
12 14
10 83
11 82
32 91
0 40
32 65
65 122
60 86
68 121
16 78
58 114
2 102
9 102
55 105
54 92
41 43
8 47
49 55
82 111
2 101
50 56
24 49
48 67
87 92
27 98
13 110
31 96
23 37
59 114
96 123
17 118
48 107
62 72
69 106
32 67
23 60
4 50
58 82
44 59
46 63
15 92
20 38
37 56
104 108
119 121
8 108
5 112
64 124
3 109
7 33
14 87
55 113
41 78
42 47
16 49
15 31
120 122
48 103
10 12
37 102
54 78
28 122
47 94
48 58
93 124
16 121
42 110
0 101
70 97
43 74
18 89
98 121
79 104
25 107
36 98
6 109
32 117
33 117
7 108
29 115
35 39
62 117
21 60
81 120
75 105
27 39
20 65
85 122
53 124
26 64
34 110
88 101
35 46
52 57
30 75
17 43
18 121
65 66
80 99
84 106
52 106
6 22
35 106
97 99
55 109
37 45
66 76
20 51
63 95
73 102
64 90
71 91
30 61
84 98
83 121
38 49
44 112
43 61
15 59
3 76
14 92
23 100
67 75
26 59
76 106
38 109
20 72
58 71
50 106
42 81
37 39
26 68
19 85
5 41
84 95
30 102
33 80
31 66
41 98
21 103
2 10
6 36
105 106
24 25
52 61
30 31
4 16
95 115
38 98
64 83
75 92
48 53
27 47
64 69
54 85
20 98
6 124
36 100
50 54
71 107
18 107
63 120
74 100
101 117
8 117
69 97
64 91
48 92
59 115
24 83
28 77
56 110
69 104
49 95
38 112
103 124
0 59
69 84
38 67
43 77
21 73
10 45
33 97
42 49
10 119
5 16
90 92
8 38
28 106
7 31
22 41
21 100
0 30
35 108
24 96
27 62
30 44
47 119
19 93
21 56
79 96
83 122
113 122
61 68
21 27
29 74
73 76
47 113
16 59
52 99
8 44
26 102
4 33
67 90
19 60
63 82
105 118
14 36
68 89
8 31
42 97
21 98
22 34
15 65
48 122
23 57
5 47
21 63
59 88
2 89
107 118
53 66
9 47
6 81
8 33
60 97
9 40
50 97
88 90
3 105
9 44
73 107
14 90
65 118
32 43
96 117
61 102
40 91
55 120
50 69
62 106
5 87
4 45
36 73
32 82
10 58
16 64
36 71
8 18
17 113
82 89
94 117
96 113
11 84
30 58
65 110
86 93
12 13
16 77
12 115
90 108
1 69
56 68
41 101
76 115
94 121
7 109
27 109
62 98
8 21
22 24
19 55
86 109
18 24
105 117
80 110
72 94
3 15
31 39
78 113
27 70
66 75
23 86
71 79
2 33
11 83
9 14
7 23
63 111
48 76
6 116
105 121
47 122
13 40
27 93
62 75
53 62
38 45
75 119
2 84
40 45
37 59
40 52
4 95
85 118
89 114
0 109
31 61
21 118
2 82
7 44
100 123
78 100
12 103
8 95
41 57
63 64
29 97
6 55
37 113
24 102
111 115
94 118
101 123
10 22
7 110
8 60
42 64
0 106
30 108
55 108
65 100
88 107
8 50
9 114
53 84
39 65
58 65
27 75
65 104
10 33
84 113
31 121
29 100
37 72
30 80
30 107
100 112
11 70
62 119
84 107
52 97
42 103
16 68
37 40
7 28
42 87
63 123
37 101
31 32
1 45
64 96
3 22
11 92
72 111
98 105
110 113
22 98
62 69
67 117
8 52
87 98
76 113
95 108
45 79
67 72
1 47
16 56
65 123
46 87
82 90
50 77
34 45
38 46
15 16
8 55
25 111
14 49
9 66
31 88
82 93
56 121
70 76
1 67
43 78
46 59
40 61
93 104
28 73
8 121
16 82
81 87
37 42
82 97
7 123
56 91
41 118
33 121
1 122
59 82
33 68
87 108
3 118
30 79
11 23
23 58
17 57
45 114
73 75
32 87
4 27
24 55
14 123
22 79
80 124
91 116
40 59
3 110
18 33
0 123
20 105
4 15
0 6
109 121
5 83
57 98
14 97
42 76
17 65
17 45
21 104
18 123
18 85
6 108
57 82
2 18
81 113
61 95
62 68
13 103
14 39
18 93
23 34
25 59
67 101
53 83
10 37
15 62
41 87
66 69
60 63
35 42
12 107
39 111
15 75
99 110
7 18
12 77
64 117
46 65
53 77
16 55
57 96
38 57
13 123
66 106
45 101
87 109
23 36
30 110
22 123
22 94
11 40
8 82
42 80
66 95
7 22
5 88
86 120
69 103
70 87
93 119
12 95
54 114
18 118
106 112
77 91
41 72
19 86
116 120
42 108
111 123
33 81
5 72
18 45
1 103
0 65
26 36
77 110
11 119
33 69
4 85
109 117
87 99
0 33
7 41
83 108
49 70
85 95
18 119
9 123
72 86
40 111
42 70
14 22
36 111
22 80
2 16
45 55
57 86
45 71
44 90
