1490277882201691773
125
771
degree
1
71 
29 118
71 113
77 107
9 96
56 121
66 110
20 21
1 78
43 88
95 106
51 56
52 78
15 37
24 96
48 79
18 72
71 79
4 34
42 115
71 112
39 113
57 94
68 120
57 91
2 60
3 73
0 101
41 42
109 119
15 66
1 111
44 78
6 119
35 94
21 119
43 122
26 80
28 51
21 103
5 100
112 121
77 92
47 114
82 122
89 114
3 93
42 105
17 80
69 123
31 121
8 96
55 105
24 56
13 98
14 88
12 84
87 117
58 100
36 99
5 76
76 113
68 114
3 53
23 53
103 121
28 105
19 25
94 100
29 92
57 110
18 64
1 50
43 44
0 15
32 82
34 108
12 70
102 121
53 64
59 63
29 78
67 76
36 71
77 104
94 122
45 96
19 41
38 71
10 17
16 123
30 115
67 123
49 97
10 51
7 47
58 68
38 83
1 95
11 91
22 121
88 98
34 105
27 49
65 82
33 87
54 64
3 79
53 84
33 70
56 63
2 10
62 64
90 118
65 116
61 66
67 74
23 86
123 124
39 46
57 81
27 42
40 95
85 115
36 75
13 34
48 68
80 104
8 45
8 104
23 97
37 112
35 99
45 63
52 67
102 110
12 51
59 121
29 113
38 98
2 47
25 33
46 97
57 85
34 45
26 57
108 123
11 14
20 63
14 119
79 85
35 54
10 79
11 60
48 49
2 52
32 122
40 49
20 112
24 65
28 31
28 64
27 74
75 77
87 99
80 115
11 95
26 70
8 98
65 95
107 109
87 103
50 116
43 79
51 115
68 96
40 84
46 117
22 113
86 94
4 115
7 41
69 70
34 59
101 114
113 124
14 22
102 105
54 59
80 86
57 96
67 82
81 88
6 81
31 69
122 124
62 65
37 93
69 91
75 124
15 43
45 67
20 98
46 92
46 69
26 33
58 102
90 94
53 68
32 65
64 85
83 91
11 93
28 93
38 111
50 99
77 82
15 26
39 73
8 12
58 82
41 81
1 22
42 94
38 107
16 53
1 77
85 92
8 37
11 25
81 98
28 29
33 37
83 110
7 78
9 79
34 62
50 71
58 78
30 34
40 77
23 65
77 97
27 90
43 105
1 70
73 124
20 119
53 85
51 99
30 67
71 120
0 88
28 62
3 37
43 121
27 61
84 103
7 106
42 91
63 115
57 66
43 117
59 94
83 96
41 43
15 54
27 72
93 101
62 113
58 66
105 124
79 118
15 107
2 76
84 115
41 71
68 84
84 93
42 98
66 101
10 12
79 90
11 63
71 109
53 88
41 72
13 36
1 92
27 48
7 85
64 92
87 112
17 51
111 115
26 91
116 120
44 122
0 54
34 121
12 86
81 105
38 97
21 76
34 80
44 86
28 110
58 63
37 45
2 27
24 117
63 92
58 97
15 120
58 92
54 82
2 16
27 106
89 109
18 114
4 78
50 53
37 79
17 68
24 44
23 36
2 113
18 111
46 124
43 96
59 88
34 102
45 81
10 87
2 68
99 104
34 67
80 101
98 99
11 108
92 111
20 53
39 124
45 105
8 107
71 80
4 110
33 38
56 59
2 119
4 94
32 66
9 107
17 24
11 15
97 108
46 68
16 120
48 122
61 86
114 124
29 73
62 105
69 86
4 8
103 115
20 115
20 46
20 36
51 102
89 99
23 92
98 116
16 27
52 63
61 89
73 87
13 38
36 67
79 103
7 36
31 39
60 75
16 64
18 57
16 63
12 44
33 95
7 56
24 25
107 117
39 71
56 124
16 50
16 54
96 122
30 44
9 38
15 33
18 94
5 107
16 49
64 109
38 60
18 113
25 41
73 86
61 96
28 122
29 123
10 22
77 90
28 84
35 104
48 51
86 88
41 69
2 30
96 109
89 97
55 98
74 97
30 50
34 41
69 118
47 71
62 108
102 109
65 115
63 112
100 110
15 106
35 71
36 83
63 75
55 102
39 123
46 118
75 101
0 58
3 57
40 101
0 27
103 112
31 67
46 120
108 114
56 112
13 32
55 101
13 76
27 37
35 100
29 85
14 56
8 22
17 38
56 102
54 105
76 122
26 96
57 118
22 90
65 79
42 81
17 19
3 116
18 121
2 49
11 28
25 86
33 103
31 61
8 101
4 42
19 29
34 47
10 83
99 113
5 118
20 100
39 111
22 120
10 77
9 75
33 39
54 87
27 51
82 89
60 64
4 87
89 110
90 114
33 43
63 69
7 66
94 124
29 101
46 47
9 47
52 105
48 50
2 26
24 97
6 70
15 111
74 96
14 96
56 94
16 52
55 90
6 36
54 93
22 89
42 88
2 85
80 118
49 84
55 92
81 109
8 83
50 122
74 123
4 36
78 124
16 38
69 90
5 101
51 105
54 58
61 71
17 48
10 84
53 104
4 47
30 95
53 69
33 88
47 58
6 18
10 119
31 83
62 66
78 108
15 71
40 50
75 123
7 68
43 81
6 25
92 93
27 81
105 122
93 121
94 107
26 31
32 88
24 68
45 84
47 65
48 82
73 74
47 121
81 91
10 59
48 107
98 117
36 85
20 89
63 109
18 48
26 106
2 43
26 122
24 81
59 67
75 93
18 106
0 69
23 54
100 111
33 60
4 14
16 108
23 85
68 124
64 87
69 109
7 30
28 40
9 68
22 31
45 58
47 120
76 104
20 103
33 93
46 91
63 73
30 60
49 119
3 102
87 124
3 28
37 57
96 112
72 84
57 99
53 81
71 95
111 116
76 111
62 116
12 33
22 56
41 95
7 40
57 58
12 35
5 41
7 99
89 101
83 87
3 71
62 92
88 92
4 77
2 59
84 116
25 93
22 47
100 120
115 120
3 14
55 84
2 37
83 116
33 45
51 66
103 116
76 106
11 102
62 84
65 109
56 69
43 63
0 105
33 115
21 60
31 116
11 58
9 82
1 76
14 36
4 21
73 105
0 85
51 85
7 71
21 39
27 96
45 70
1 23
50 55
5 82
1 8
51 73
11 13
68 108
10 29
45 113
52 59
84 88
8 54
6 15
26 81
102 118
53 96
105 109
36 41
5 104
87 96
37 46
6 51
89 124
8 109
117 118
5 62
69 73
58 111
19 110
35 116
30 110
32 100
5 25
0 110
34 110
21 64
37 101
36 101
28 52
78 116
11 86
25 69
44 119
11 33
34 72
19 97
11 120
17 98
97 103
48 109
63 103
8 27
19 69
59 75
72 110
90 122
42 67
21 38
60 83
62 114
78 110
38 88
60 82
66 97
32 33
6 21
41 117
4 51
24 62
10 53
56 86
82 96
9 71
19 35
96 103
21 55
75 98
50 84
68 79
82 100
73 104
94 120
61 94
22 63
44 72
60 94
21 22
40 94
56 90
59 69
77 88
3 61
1 88
24 101
1 53
75 121
38 55
20 47
19 44
2 28
35 82
30 114
78 107
17 93
75 90
28 34
11 99
65 99
16 35
43 67
21 33
70 108
23 119
51 80
11 78
0 86
41 73
93 123
87 107
100 119
10 42
57 79
74 80
54 108
1 18
60 61
40 73
51 58
115 123
6 124
34 46
41 48
34 95
47 78
85 122
73 111
39 102
70 92
15 77
35 90
112 117
5 29
37 114
36 113
1 29
48 85
55 119
62 91
25 98
32 58
28 123
20 62
40 52
69 83
38 91
19 24
83 119
34 122
13 99
30 52
41 104
20 64
70 79
33 65
94 102
1 97
50 120
57 84
8 38
44 124
60 96
26 76
49 75
9 25
57 100
71 107
20 104
21 98
64 67
29 71
74 101
13 107
