1490277882098444612
125
771
degree
1
73 
64 109
79 93
24 115
51 103
28 42
16 104
17 67
55 103
25 96
47 120
54 120
10 87
77 87
73 89
13 60
7 92
63 121
5 75
40 65
26 106
91 107
27 89
89 93
39 81
11 100
40 48
64 124
32 110
70 75
38 53
19 80
78 83
4 68
18 21
78 106
69 112
9 84
83 117
93 109
4 66
37 103
62 77
16 39
48 57
23 54
53 81
14 85
13 38
1 113
70 110
105 108
37 114
25 106
37 58
98 100
4 95
100 123
33 66
58 84
10 97
3 119
28 94
69 95
29 96
41 86
9 88
80 121
7 32
87 112
4 36
56 95
88 101
59 113
1 26
51 105
40 46
62 63
78 94
5 51
10 41
14 94
15 52
24 91
21 67
13 97
25 54
19 84
23 53
87 89
25 52
6 115
12 41
76 94
43 112
71 80
86 118
57 78
72 91
17 47
2 117
72 124
22 68
19 102
34 108
66 116
28 99
86 123
49 95
87 119
72 90
62 122
8 17
45 90
31 43
44 67
20 75
0 5
21 35
50 109
61 120
30 39
10 82
5 74
69 111
59 85
3 54
52 93
44 57
39 114
15 84
66 78
2 14
60 69
85 106
43 58
103 121
18 42
17 81
14 107
8 78
68 86
5 123
1 78
36 80
74 100
117 122
48 52
104 123
63 98
57 116
8 13
6 121
26 109
2 9
20 88
79 104
22 81
20 39
121 123
26 103
23 55
23 84
4 115
16 122
94 117
10 60
68 100
35 63
16 97
94 121
59 62
34 119
6 64
57 62
28 100
101 108
63 110
41 116
63 77
19 117
2 54
73 82
9 22
50 111
104 116
37 43
14 33
14 48
35 54
0 18
10 118
0 92
5 118
47 108
55 89
6 103
27 107
46 100
33 70
6 35
0 83
8 44
3 86
10 54
3 44
73 93
31 74
81 118
47 76
53 71
11 84
0 90
99 111
70 90
2 118
24 119
7 99
1 68
56 58
74 119
3 15
45 77
56 99
3 73
81 105
13 41
32 117
79 118
67 107
73 94
5 93
9 47
45 116
57 96
60 74
14 82
5 105
89 115
2 18
20 104
67 95
53 123
50 122
54 89
71 73
59 123
37 95
49 115
93 124
84 121
7 40
59 124
6 82
40 117
27 76
4 91
67 90
35 64
26 93
74 104
37 71
26 117
61 111
60 98
62 104
98 103
21 66
13 88
38 85
51 118
56 73
0 122
33 40
15 19
89 122
21 92
73 86
30 86
68 73
15 100
106 111
89 95
11 80
8 81
4 93
105 107
53 89
56 117
34 106
20 34
40 81
25 113
110 120
76 96
26 42
36 76
62 120
96 113
82 110
27 51
85 89
47 117
23 26
30 80
32 52
66 106
1 10
101 112
72 93
33 84
46 113
14 43
18 84
13 37
9 80
10 90
93 106
76 113
89 103
10 52
98 118
73 101
63 105
51 83
28 98
59 73
26 32
51 74
34 113
4 53
25 122
19 65
60 65
31 38
44 76
83 103
17 44
34 83
7 10
13 59
28 92
85 93
62 92
26 45
73 119
85 92
19 48
20 28
5 117
79 87
16 36
12 16
79 113
75 90
2 103
107 121
19 62
41 48
10 77
70 80
42 110
9 118
37 76
47 88
25 107
50 124
112 117
109 122
23 122
49 116
73 105
9 106
11 31
17 26
6 30
51 122
16 98
26 102
46 81
22 34
16 52
10 51
45 94
45 81
14 26
28 35
30 82
58 122
17 123
11 90
52 73
100 117
2 107
36 47
48 94
12 60
77 118
63 113
33 121
25 109
91 109
109 121
11 121
30 71
89 105
101 105
93 110
30 59
11 103
30 124
40 111
83 119
38 49
44 82
39 78
81 122
60 112
41 59
70 118
88 114
13 118
56 103
59 60
99 117
77 104
59 98
48 119
38 99
54 116
3 62
5 102
39 84
98 102
80 110
97 124
25 105
0 118
62 94
78 84
52 115
16 61
76 124
27 116
44 88
9 67
2 48
64 102
72 80
60 81
46 122
27 87
18 102
9 70
46 55
56 64
15 96
21 49
28 58
76 87
51 56
56 69
45 47
21 51
41 84
50 66
61 109
105 111
77 85
32 71
64 84
64 87
89 114
2 58
80 83
71 114
12 101
27 75
82 100
21 45
2 70
2 34
1 50
39 102
35 107
14 22
11 70
49 60
28 113
2 59
39 100
18 122
3 35
51 92
36 113
22 71
60 99
24 108
53 107
1 88
4 74
23 61
16 119
22 123
39 67
23 107
2 87
82 123
0 124
59 97
66 105
33 71
74 91
45 79
20 49
42 104
44 89
23 87
19 121
49 53
13 111
40 58
77 123
57 106
41 93
29 51
39 59
65 102
43 99
68 111
83 112
64 103
50 88
16 84
29 70
19 99
8 71
31 70
18 120
10 20
12 112
23 90
72 108
17 41
0 63
3 110
10 49
65 80
84 89
101 119
43 66
61 69
25 84
5 22
63 93
5 30
27 48
2 37
0 16
81 113
94 97
6 38
76 102
22 27
1 72
37 110
19 79
40 45
35 66
35 124
30 63
2 20
19 81
16 69
18 32
23 50
77 98
34 52
41 101
41 47
61 65
73 76
16 30
43 53
85 101
46 96
29 122
5 122
25 118
66 114
21 44
4 100
64 86
50 123
83 102
32 51
42 79
70 83
34 72
23 102
0 28
89 97
73 77
73 100
25 86
3 5
56 102
26 108
44 56
18 47
9 21
25 37
53 72
52 100
7 37
20 56
67 88
74 98
3 67
24 25
61 106
13 42
65 92
68 113
19 78
25 47
7 19
37 79
47 93
33 41
34 92
18 62
21 87
107 122
12 44
28 61
14 78
66 83
22 58
8 9
23 47
79 117
4 77
7 33
53 92
9 96
59 107
6 49
8 35
93 108
1 82
95 114
10 84
18 107
20 21
73 98
42 84
25 94
23 91
3 33
70 77
92 121
45 62
36 59
34 58
22 96
0 61
43 102
11 124
13 104
42 120
14 76
14 91
7 122
19 73
24 100
66 79
83 107
13 17
23 60
15 107
85 95
36 41
53 116
55 122
8 87
54 70
25 108
54 55
73 109
66 68
4 13
45 121
14 49
63 100
0 98
10 40
44 64
22 30
38 73
18 104
61 64
80 111
72 92
60 70
35 119
82 94
62 65
11 14
23 86
38 74
78 91
0 81
78 114
93 117
103 104
5 94
55 75
114 122
67 91
79 103
14 60
21 108
35 100
26 61
53 109
3 120
25 49
65 123
39 107
9 10
63 73
26 62
38 119
61 100
103 119
5 37
77 124
55 93
60 100
46 97
40 84
51 116
70 92
9 11
55 76
46 57
67 113
65 90
47 94
26 53
66 108
31 93
62 93
24 28
4 11
45 104
38 55
25 26
57 101
58 104
38 58
12 21
55 118
21 28
99 116
90 120
32 64
38 124
51 52
21 84
46 60
35 79
39 97
8 32
98 107
93 123
58 80
61 70
49 90
68 88
7 65
102 106
122 124
43 64
6 89
42 73
72 104
24 80
17 118
5 43
100 111
20 70
42 95
20 32
15 114
69 121
3 108
13 64
16 57
95 118
22 24
47 83
95 120
2 56
91 97
4 15
0 112
8 31
14 34
36 68
9 20
80 87
29 78
11 57
3 47
49 124
2 63
67 111
16 40
70 88
45 65
62 100
13 81
21 79
81 107
1 46
40 110
72 123
38 76
43 100
60 115
104 115
54 69
68 97
62 71
4 40
9 19
0 68
39 55
5 67
75 123
102 115
103 123
33 114
