1490277881739469649
125
450
degree
1
9 
28 30
25 40
34 42
56 109
70 90
111 120
70 87
30 34
26 65
45 124
27 103
23 48
48 60
35 106
49 98
21 66
1 42
4 51
51 104
20 44
14 31
87 121
86 108
71 114
24 122
99 111
74 85
79 88
34 46
43 119
1 91
20 100
15 88
103 120
45 120
39 91
56 90
62 75
29 61
19 69
60 122
86 107
9 38
28 79
34 44
29 94
73 102
26 105
7 43
72 124
67 92
30 51
28 82
14 28
8 25
34 94
86 121
19 114
51 108
57 71
53 110
48 63
52 102
10 25
7 124
37 43
49 78
94 99
25 55
38 52
13 118
62 82
40 98
28 69
16 111
11 28
21 30
9 97
41 114
3 8
4 122
75 118
49 64
6 94
12 23
81 102
12 25
8 117
89 98
0 116
92 93
22 41
54 74
74 124
85 105
52 60
9 33
40 77
2 113
32 108
103 106
18 39
5 6
2 35
50 124
74 95
53 84
33 59
0 112
17 73
53 78
69 116
83 104
46 96
36 108
61 68
27 93
56 115
36 76
47 71
80 114
28 58
44 101
46 123
29 42
12 106
40 67
45 76
67 110
69 124
18 30
33 48
5 49
93 103
37 72
10 13
54 112
57 102
60 123
5 90
12 104
20 94
27 77
77 82
31 109
14 73
0 4
63 108
4 111
64 109
2 80
18 103
9 113
95 122
1 15
18 23
32 65
85 119
1 102
68 76
29 107
3 7
21 105
13 78
23 49
49 75
4 66
34 120
5 99
8 22
22 100
62 83
4 87
22 85
92 99
58 115
28 48
70 118
80 93
46 75
30 70
85 88
41 67
36 119
75 120
3 97
9 24
47 78
58 106
76 108
24 83
36 50
47 88
25 35
44 91
33 123
15 89
7 68
86 117
70 80
32 45
22 55
89 119
75 116
31 66
2 68
0 90
56 84
39 65
104 115
13 15
92 120
42 118
17 72
71 76
61 101
8 109
74 75
36 37
30 124
100 115
26 63
59 95
63 91
71 111
0 8
99 105
62 109
73 124
14 107
2 81
25 60
10 39
86 94
83 96
17 60
5 52
34 80
56 77
88 101
80 86
26 118
20 53
19 73
19 56
93 101
118 119
94 110
60 75
90 93
88 105
5 93
22 58
70 113
74 98
9 121
55 67
26 100
88 95
4 114
39 83
22 61
98 116
70 108
4 120
28 92
112 115
14 79
76 95
20 77
106 123
42 74
103 122
7 11
9 108
60 71
38 44
55 88
19 46
8 59
23 56
49 55
53 104
93 94
6 61
74 118
12 78
5 44
15 25
6 9
42 92
89 123
39 56
34 70
79 101
80 116
16 118
77 101
12 93
28 121
46 117
15 36
97 111
9 106
89 110
37 112
59 68
2 66
12 86
76 99
77 84
47 65
6 48
2 29
69 72
49 85
12 21
17 35
51 106
61 97
92 100
79 80
48 58
70 86
25 80
117 119
20 98
89 99
44 118
54 107
16 93
25 69
60 115
7 116
104 116
90 113
8 85
48 101
80 97
57 113
7 26
12 108
56 73
62 88
24 69
32 114
9 79
31 94
39 85
52 93
24 47
15 18
31 79
4 37
17 96
0 87
10 90
64 88
45 115
12 20
45 98
94 119
91 95
89 112
49 102
81 96
67 86
95 99
73 115
11 73
102 108
102 115
19 121
13 33
38 68
41 64
30 42
74 116
38 59
55 92
15 53
11 85
100 110
4 77
56 60
6 53
61 115
70 120
59 89
10 32
96 105
21 123
109 119
27 122
27 34
4 5
97 121
91 96
30 45
21 79
56 108
9 71
28 57
15 17
53 55
1 101
35 44
98 102
98 120
25 75
25 96
60 72
67 113
38 87
84 91
15 106
17 79
115 122
25 106
9 11
45 74
39 73
86 95
8 112
57 90
72 103
38 104
21 51
84 86
15 120
31 57
42 54
7 22
14 23
4 110
33 52
0 58
15 84
9 82
60 117
68 98
64 90
66 94
69 74
28 118
42 123
20 38
3 42
67 94
106 108
7 120
9 47
27 85
77 79
6 49
33 91
21 22
18 46
18 109
62 102
66 81
64 85
35 103
4 71
9 70
43 71
12 111
89 92
78 117
71 108
44 89
13 39
31 105
38 83
15 59
83 94
77 122
13 121
73 110
77 95
12 124
46 102
33 35
43 117
16 28
5 74
4 42
85 90
8 60
48 49
25 114
84 111
28 72
64 69
46 95
23 71
72 108
46 93
73 82
43 113
30 60
79 115
28 96
38 92
52 95
50 120
43 99
66 90
8 114
9 30
50 79
86 98
24 58
51 61
26 37
27 30
38 45
41 107
36 101
27 64
61 92
55 89
72 109
78 111
75 108
50 54
1 124
87 104
50 87
79 90
21 49
41 80
6 80
70 107
42 77
107 116
41 123
13 85
0 3
48 120
25 57
91 119
5 97
110 112
34 81
3 82
117 122
2 115
32 88
36 78
