1490277881656753321
125
450
degree
1
124 
69 75
24 26
30 116
21 24
83 103
83 88
14 101
79 91
5 26
62 70
23 121
44 46
16 58
85 106
9 13
0 93
31 106
3 67
38 87
5 89
20 77
37 115
81 103
9 110
67 70
34 39
24 96
24 106
36 46
18 96
3 57
20 43
41 58
9 102
42 77
56 108
0 101
44 90
77 93
33 122
20 41
43 109
14 17
13 72
90 108
48 93
23 59
23 124
57 121
1 34
35 40
6 115
45 58
27 64
38 51
24 101
57 120
0 122
14 44
94 116
73 108
60 115
91 123
4 71
51 121
45 60
77 102
89 123
84 96
61 92
98 106
49 121
44 78
10 101
64 68
38 56
73 83
15 86
75 120
12 111
9 54
0 11
44 117
39 100
4 124
104 106
0 66
47 88
26 30
90 107
4 35
8 85
40 76
1 122
19 98
50 60
94 105
3 22
26 112
12 112
49 114
25 73
1 52
29 119
2 54
28 62
0 65
68 89
111 119
35 118
63 65
35 82
43 97
15 53
15 94
21 80
47 95
28 99
61 115
32 37
55 120
9 74
7 82
88 113
76 123
50 94
3 120
77 109
53 103
117 118
33 90
15 105
41 112
62 122
15 22
5 33
9 44
66 121
52 82
45 71
21 59
54 80
5 14
86 110
37 73
31 68
24 47
7 22
31 78
99 119
28 35
11 54
7 63
8 29
41 78
4 98
95 101
36 60
19 99
39 108
10 41
97 107
50 99
65 87
66 103
46 51
19 58
17 26
32 66
22 74
33 105
73 123
39 70
11 34
7 95
64 69
46 56
6 124
16 103
0 111
52 95
18 48
38 112
95 106
41 122
74 96
10 83
86 88
26 45
64 107
24 36
19 96
18 21
40 90
21 101
8 16
3 124
8 30
14 31
1 70
81 87
56 97
31 41
33 100
12 35
26 124
96 107
36 37
55 103
95 96
50 89
1 97
6 52
56 87
3 61
27 120
15 49
5 92
37 81
74 118
4 79
27 42
88 99
78 112
63 74
7 121
18 114
76 94
54 81
41 91
15 68
8 60
39 80
8 77
5 20
105 121
29 92
40 85
34 100
55 85
59 103
59 67
0 44
99 101
11 68
68 79
13 110
106 111
2 6
51 115
49 57
18 62
67 122
2 29
3 37
27 33
43 73
53 64
81 113
76 104
99 111
61 65
27 69
45 89
20 102
35 84
44 83
63 66
14 113
11 111
7 73
33 75
76 98
8 17
28 80
45 52
22 110
8 12
13 67
72 90
35 92
29 59
10 91
44 77
43 121
71 119
56 59
17 78
14 69
22 117
100 103
33 96
55 98
96 104
45 46
9 85
34 93
77 85
9 61
12 124
111 121
68 104
22 52
106 108
33 56
2 74
18 35
105 124
35 81
61 100
31 87
74 103
10 114
41 93
27 53
44 97
57 72
9 90
43 46
45 80
8 59
90 116
21 71
102 115
28 124
115 122
17 106
43 112
46 58
24 91
0 29
110 119
0 55
47 113
98 110
49 99
4 51
80 97
51 56
9 58
62 98
24 42
65 121
15 52
72 121
26 31
0 74
4 108
7 33
65 103
122 124
51 108
29 104
47 80
44 110
69 89
9 32
98 119
79 106
38 86
85 105
40 50
2 26
88 112
18 108
92 97
70 124
28 79
53 91
2 106
22 51
100 109
2 23
18 77
8 81
10 28
72 92
56 96
18 100
73 111
70 118
69 113
2 91
55 108
3 36
22 87
87 119
89 115
11 113
44 123
12 92
52 120
43 47
111 112
43 57
76 106
94 120
15 72
13 101
3 64
15 118
19 91
14 112
40 41
4 24
97 101
27 108
52 65
52 76
19 23
7 80
87 95
12 67
18 79
71 109
66 124
22 124
11 74
6 64
61 113
52 118
5 7
79 111
8 70
65 124
71 94
43 52
36 123
5 44
85 109
54 91
82 115
30 74
88 89
45 61
1 112
12 74
0 10
42 80
85 87
46 61
48 82
73 80
62 117
3 102
57 112
74 101
67 124
29 41
91 120
17 66
23 70
3 110
29 101
38 69
16 93
6 109
52 114
29 40
19 40
79 110
85 102
14 62
63 112
25 49
3 63
63 109
52 59
23 116
22 123
12 23
4 6
25 54
69 124
59 106
23 29
102 123
15 17
57 117
67 82
1 42
10 81
2 90
40 115
49 119
46 109
17 87
24 46
89 102
104 121
45 124
13 57
4 72
48 66
2 73
75 124
17 121
9 69
114 117
44 111
95 116
67 98
35 70
9 26
30 102
21 89
1 55
68 121
6 92
83 104
59 92
21 97
18 55
5 42
1 62
73 115
31 94
98 124
37 123
2 88
43 75
2 16
19 41
22 84
10 98
96 117
8 74
12 46
4 8
40 88
17 103
88 114
104 109
38 113
57 61
21 116
31 61
49 73
65 70
67 90
4 50
16 32
5 81
65 117
25 65
4 73
55 124
19 55
68 111
30 121
12 64
23 25
89 91
