1490277881759350176
125
450
degree
1
88 
27 119
42 115
87 106
84 102
70 101
80 106
120 121
55 67
48 74
68 105
38 98
39 45
101 115
77 84
95 118
103 105
84 111
84 117
69 119
61 98
3 89
29 98
81 104
5 93
32 44
13 31
19 86
33 39
58 115
66 91
56 102
3 71
38 93
18 49
54 122
34 117
31 37
13 102
55 103
1 25
59 85
14 59
39 91
90 92
39 111
120 124
116 122
100 123
30 43
24 113
45 116
21 23
87 105
72 120
30 117
44 92
24 93
66 109
29 66
82 92
88 124
48 67
71 111
5 18
41 90
95 106
36 45
60 116
23 92
35 54
4 112
42 60
33 99
72 122
51 63
47 110
84 100
2 16
13 108
17 39
50 115
88 105
56 119
3 47
5 75
2 36
35 63
81 86
71 92
11 57
46 98
30 65
26 61
8 30
33 86
21 78
46 53
73 122
11 121
75 114
0 25
22 38
22 94
64 99
6 25
25 65
7 51
9 34
14 118
4 96
0 107
83 86
1 4
52 68
11 12
2 40
15 97
28 71
20 33
10 54
62 119
76 112
79 121
97 120
24 35
44 85
30 38
18 97
98 119
74 119
11 79
99 103
102 110
9 118
61 111
17 121
13 24
21 32
4 13
43 44
1 108
1 99
3 12
7 120
86 100
84 91
4 49
16 92
42 84
80 122
100 105
40 103
61 80
72 111
49 102
19 112
34 47
0 23
17 43
36 65
9 104
25 33
20 76
9 76
10 89
23 70
7 55
3 107
46 59
23 48
56 94
18 38
75 106
15 23
56 78
78 119
3 29
7 107
32 38
30 53
31 58
84 108
76 114
17 25
29 63
58 102
35 36
32 79
2 58
3 44
37 115
7 44
85 97
23 101
45 102
19 114
31 116
57 62
55 61
23 85
0 88
100 108
109 116
46 121
9 78
59 123
18 73
88 118
92 104
2 57
23 90
26 28
115 120
1 82
10 101
44 50
80 92
5 25
17 100
27 28
26 32
74 86
93 116
16 119
62 95
67 87
84 110
84 107
55 111
103 114
72 97
68 74
8 12
11 49
15 89
21 50
47 100
38 88
121 123
53 67
81 89
19 95
59 82
72 105
21 94
21 93
114 122
109 111
64 123
18 65
66 89
23 34
49 96
15 107
22 27
5 104
60 68
108 123
49 69
31 68
2 96
63 78
0 77
57 91
38 110
68 76
36 92
87 112
46 60
45 115
3 64
5 118
90 121
27 74
32 99
63 117
24 57
58 116
37 83
19 20
17 63
101 116
36 115
1 28
16 45
75 100
21 95
41 71
68 117
13 56
67 113
39 53
14 35
33 64
7 65
57 79
23 120
105 119
3 40
78 84
53 56
83 124
59 89
34 42
27 99
72 114
31 114
42 65
88 104
104 111
48 97
39 79
0 69
61 68
10 111
59 84
1 89
0 37
5 120
43 79
68 75
57 109
21 120
37 56
1 46
3 10
90 115
28 109
33 51
50 68
2 119
72 79
78 102
6 117
104 122
77 89
44 83
46 85
74 109
13 121
93 109
24 121
63 68
87 104
56 84
9 30
45 76
2 13
66 113
44 121
9 120
30 109
13 58
27 44
59 83
28 57
8 47
1 74
48 65
55 97
79 97
23 88
3 122
11 89
82 91
26 42
32 65
26 74
74 98
24 87
49 113
5 80
5 76
23 49
18 75
79 117
59 106
21 64
4 88
91 97
52 101
33 53
70 79
26 113
18 108
19 31
10 34
6 32
17 83
50 78
17 72
41 112
88 113
26 109
15 90
33 42
0 111
24 119
46 80
11 51
32 60
1 116
99 115
38 64
44 73
88 115
3 26
33 113
18 26
14 22
23 98
38 115
51 88
17 28
42 47
3 28
30 88
1 51
106 124
5 101
50 66
20 95
10 23
53 112
66 102
9 63
27 86
61 115
22 118
10 22
43 115
3 90
86 95
22 90
83 84
6 113
53 76
26 88
15 71
28 32
46 69
79 87
86 103
45 74
0 28
6 118
19 78
1 48
0 86
10 79
86 90
78 97
8 9
79 81
29 76
34 100
38 80
5 100
28 73
2 14
19 109
60 70
48 98
2 19
82 108
25 100
6 80
21 85
13 29
10 105
28 88
19 34
11 25
45 69
93 108
32 62
34 85
40 54
40 93
4 90
82 118
74 117
45 72
47 75
46 116
10 20
33 75
78 94
62 70
32 47
14 108
81 90
30 68
29 99
19 91
32 43
69 124
13 80
82 98
43 56
82 83
42 89
15 70
37 50
0 81
74 88
78 83
10 116
27 112
20 38
32 91
0 114
3 73
55 57
2 86
6 66
12 40
62 98
5 115
2 6
5 87
67 114
26 29
16 22
82 112
27 43
11 24
38 97
39 73
1 29
57 113
5 79
100 124
20 123
2 101
45 68
87 109
88 108
37 111
7 49
10 88
53 90
27 93
19 59
20 62
8 52
22 66
54 95
1 92
36 84
58 82
2 79
16 80
3 9
71 109
19 85
34 104
17 109
92 115
