1490277881956348767
125
614
degree
1
118 
3 120
6 89
91 108
32 112
1 52
48 68
56 122
75 90
35 98
56 118
1 122
40 41
36 94
23 54
112 113
25 91
43 111
20 87
68 107
64 102
22 124
39 54
40 121
19 97
12 65
18 85
9 66
23 87
27 103
13 116
2 93
83 91
8 55
10 83
6 27
61 71
14 83
6 45
85 96
71 98
119 120
34 69
65 122
91 114
25 82
10 67
45 116
68 97
75 108
24 72
22 121
81 93
33 120
18 103
2 77
6 10
97 101
20 58
33 122
29 80
53 54
5 72
58 61
48 121
40 91
79 93
88 118
22 88
10 32
3 30
53 109
94 96
25 46
12 87
13 21
59 95
37 48
6 115
85 111
57 66
51 119
100 103
46 84
44 105
30 62
45 110
33 34
99 103
106 116
35 73
44 95
31 68
21 63
16 72
43 102
26 73
4 75
50 105
57 64
27 104
8 45
11 68
81 95
13 78
16 87
42 104
81 94
0 109
49 107
13 76
38 66
46 60
73 123
22 70
60 92
86 95
7 55
2 28
47 87
74 116
17 114
42 80
104 117
15 113
38 83
45 67
36 71
112 114
15 84
73 91
5 11
92 118
3 69
17 74
107 110
24 32
37 123
13 18
13 16
82 114
92 107
20 107
0 84
99 108
59 109
24 67
61 93
47 106
26 100
22 114
7 89
29 55
63 86
69 73
80 124
108 120
46 55
63 91
8 21
7 22
82 94
18 102
65 98
40 105
77 105
27 68
20 124
4 109
4 118
55 62
38 56
52 66
20 123
50 103
34 70
35 83
50 122
10 102
34 97
23 74
10 50
39 80
5 95
45 64
34 112
32 59
61 86
37 53
12 61
23 56
45 76
15 50
0 116
23 33
6 87
24 92
52 82
11 29
9 60
15 63
27 109
7 59
49 81
27 36
24 39
94 105
20 41
12 77
36 45
16 112
20 39
16 17
4 50
95 105
78 101
2 106
20 117
5 58
13 47
73 104
53 94
86 92
12 54
86 116
17 33
109 110
48 86
52 113
8 123
29 102
6 38
39 104
54 106
96 113
95 108
37 69
43 80
24 105
39 81
78 97
58 75
13 101
74 112
6 99
4 38
14 39
12 20
85 112
68 69
17 40
47 76
35 70
84 119
26 40
82 101
30 54
25 85
14 106
22 63
34 59
43 87
54 118
80 105
52 121
61 91
51 77
18 96
31 54
39 108
15 32
58 85
77 106
67 105
5 107
57 118
30 118
22 31
48 69
30 76
44 98
33 63
16 75
88 95
71 74
46 108
27 120
19 40
0 71
33 39
59 66
6 41
12 76
19 115
17 48
0 121
1 54
6 72
36 102
6 18
92 105
80 106
85 119
33 44
43 70
76 96
20 37
39 48
74 89
51 97
3 103
91 99
18 95
49 93
94 114
7 51
23 75
69 83
4 100
85 113
17 67
33 96
6 117
19 78
8 92
69 118
45 92
6 56
33 40
8 34
50 117
3 77
100 116
51 62
33 70
3 95
38 82
49 71
14 93
52 110
49 94
21 112
74 79
33 118
16 108
16 68
14 59
69 70
52 81
61 102
14 73
18 89
49 117
0 70
20 90
36 97
25 99
41 63
2 94
112 117
4 20
72 89
115 118
22 97
42 106
28 74
48 113
46 87
44 83
79 124
52 95
88 112
8 86
62 76
39 47
12 83
56 105
17 38
23 122
14 102
4 5
22 38
17 102
34 49
102 114
70 98
59 62
113 122
62 102
78 115
80 95
13 49
24 40
44 62
68 104
109 116
25 119
59 101
43 56
27 69
78 89
58 117
37 41
37 99
38 96
38 59
16 52
19 35
96 123
89 116
21 45
14 124
45 115
31 50
9 118
62 120
1 24
52 55
6 75
46 114
31 100
29 46
15 119
76 88
45 60
11 26
60 95
107 121
91 112
13 32
9 10
33 76
53 71
25 52
23 77
67 120
49 96
30 111
28 116
64 70
20 44
42 113
94 116
93 119
104 118
46 79
11 77
41 74
20 60
1 37
11 74
56 65
23 97
2 64
92 112
21 106
29 124
31 94
5 71
70 100
2 56
108 123
12 95
16 118
100 118
6 80
13 83
28 94
16 90
47 50
6 30
26 47
89 99
6 78
30 43
25 89
63 79
42 92
13 122
89 98
67 75
31 120
28 118
10 116
31 82
8 102
18 76
56 68
22 105
54 123
75 120
66 106
29 92
9 51
99 118
66 118
53 119
16 116
2 25
54 59
38 118
16 22
10 57
10 46
30 97
55 85
13 31
22 109
41 62
36 124
9 37
46 112
98 119
87 103
0 17
83 99
38 41
0 107
9 77
45 83
36 39
79 121
91 115
57 87
64 77
46 53
117 120
35 122
66 114
85 124
7 91
19 73
32 53
63 111
13 94
59 82
63 104
55 82
18 44
45 56
41 75
107 109
23 105
25 105
33 87
0 41
16 123
40 51
32 100
4 55
18 99
11 50
103 112
35 58
22 36
16 117
18 61
2 58
0 9
7 35
19 86
65 103
14 118
30 112
7 76
56 123
80 122
17 68
3 49
20 100
6 103
1 75
95 111
54 110
18 121
16 54
16 53
25 44
57 65
24 43
60 69
50 113
64 117
42 74
16 65
50 61
55 115
42 111
77 84
99 119
30 86
110 120
26 96
60 108
64 72
18 24
40 84
84 104
4 64
12 51
98 116
3 40
24 124
60 119
32 77
69 94
58 113
90 114
86 114
0 99
74 77
71 104
66 84
67 95
41 76
15 55
43 118
34 36
1 69
55 68
35 74
25 80
32 57
8 72
43 97
32 105
82 120
29 106
34 92
48 83
48 52
35 115
34 84
0 40
79 116
30 42
62 99
88 96
10 23
63 83
66 124
30 37
53 101
60 65
15 62
3 104
46 90
68 114
34 61
32 108
78 95
11 89
89 97
14 51
88 105
75 77
36 77
30 78
55 95
2 65
24 87
72 102
94 102
52 61
76 82
13 118
61 77
27 94
26 113
95 116
83 88
41 53
61 123
7 58
65 70
15 103
17 41
92 99
29 91
93 100
17 82
68 77
6 60
50 80
0 1
30 104
45 55
55 59
60 99
7 21
46 51
44 81
15 111
26 50
50 53
8 59
35 92
49 90
22 79
111 115
41 54
66 75
28 92
