1490277881934933511
125
614
degree
1
18 
16 34
25 54
61 98
27 74
14 94
3 80
44 77
42 111
9 83
54 95
20 123
47 62
3 59
73 89
25 29
61 113
17 66
10 23
107 119
30 100
0 93
9 36
62 85
10 44
67 74
50 76
24 75
10 35
47 103
3 13
5 25
18 42
28 120
37 81
4 12
38 120
26 93
39 81
3 40
30 92
6 9
61 103
38 71
16 95
86 91
47 115
56 61
52 116
44 82
1 13
20 21
33 62
48 57
25 63
52 102
45 75
4 41
42 107
10 85
83 122
38 119
76 96
17 32
49 121
6 100
63 97
6 27
85 108
88 112
28 103
25 64
35 109
30 87
35 39
59 96
50 114
10 122
73 109
1 64
49 124
43 110
84 109
17 85
97 105
21 49
24 51
88 97
42 116
76 116
53 98
93 95
48 58
4 97
31 66
114 117
34 79
11 93
28 123
18 118
68 88
8 25
26 70
16 90
14 32
19 20
45 106
57 102
2 61
15 99
66 101
2 51
92 104
50 99
60 86
69 81
7 10
1 78
110 123
59 86
46 65
46 73
72 94
55 81
22 36
43 89
30 81
73 94
89 109
44 55
29 105
3 87
1 14
82 95
91 108
0 114
14 30
28 84
71 102
93 100
5 75
89 102
107 108
92 98
98 107
51 121
32 106
47 52
13 59
28 78
85 95
37 87
74 120
23 99
64 74
80 102
19 81
101 114
45 81
17 91
0 69
9 114
13 95
8 24
2 124
28 89
4 91
14 56
43 64
26 78
85 115
79 107
59 111
6 35
22 56
63 100
112 115
48 96
6 81
6 86
37 66
39 43
70 78
114 120
89 107
72 107
19 104
98 118
56 86
37 78
27 68
7 89
98 123
87 122
4 22
66 85
57 108
6 61
26 32
32 59
5 87
63 65
17 75
82 85
15 51
35 56
116 122
17 114
57 89
69 112
50 65
28 31
94 98
0 12
29 52
0 115
72 104
36 123
54 80
85 98
12 42
61 121
8 43
58 117
19 105
68 101
14 38
38 111
34 81
8 17
65 78
20 89
14 66
12 103
32 65
4 7
38 39
53 81
49 101
60 114
96 120
81 116
55 85
65 94
4 96
90 113
20 80
23 95
80 115
18 61
9 106
14 51
25 81
17 119
29 83
29 60
12 60
115 117
17 121
37 69
0 95
31 84
74 112
40 113
12 110
23 83
6 96
11 21
41 64
41 96
9 15
57 88
36 82
41 86
33 94
75 119
18 35
19 61
7 20
49 60
11 112
21 61
8 31
26 104
31 121
18 60
77 102
41 99
59 107
87 106
32 63
80 83
1 87
46 79
41 90
47 83
56 113
104 114
20 71
54 113
109 116
42 93
12 29
5 33
11 65
38 77
4 10
36 73
31 48
4 95
17 92
53 103
20 41
41 44
13 73
28 115
64 121
6 94
28 90
13 78
71 121
9 30
26 99
4 11
18 106
15 66
25 34
61 80
22 57
25 107
16 27
9 91
13 99
28 30
18 47
68 112
2 15
60 72
12 57
7 13
16 83
27 36
8 69
15 69
86 124
44 110
5 119
17 62
27 56
8 85
21 113
8 68
76 80
4 20
2 71
55 70
68 74
79 94
66 118
7 123
42 105
79 81
13 97
37 38
94 97
2 74
96 99
45 63
10 89
15 75
7 70
3 102
45 65
29 45
61 79
53 85
77 104
28 87
7 28
39 90
54 119
5 56
45 93
10 106
101 113
40 89
28 76
34 75
4 92
67 77
3 45
4 57
1 8
7 77
80 123
69 119
15 89
79 99
16 93
17 60
40 110
12 16
59 97
12 90
3 76
21 38
81 88
2 92
43 46
51 64
79 101
20 37
1 33
112 113
14 21
60 90
9 82
86 119
11 15
21 35
34 77
26 33
20 44
25 84
84 103
22 74
62 71
53 69
85 117
106 111
24 29
6 23
45 122
107 115
16 68
91 102
31 63
1 93
12 48
88 94
42 58
56 114
66 98
7 98
23 115
18 66
21 71
48 72
53 93
2 16
53 67
4 37
36 57
48 100
86 123
18 22
54 75
53 78
65 117
8 45
95 111
18 91
68 82
47 61
71 89
24 113
50 87
27 33
18 89
43 79
5 117
38 80
28 80
6 115
17 20
77 78
15 52
22 93
50 82
72 88
17 87
25 37
12 89
3 71
89 110
87 112
34 53
101 109
29 109
52 83
29 59
25 92
63 109
82 104
18 52
26 120
96 123
69 102
97 116
5 24
21 63
73 78
16 72
28 33
44 52
98 124
48 95
11 33
75 108
39 115
4 25
23 27
3 105
59 98
59 104
0 105
78 87
54 116
88 99
43 54
36 92
3 82
71 118
47 55
76 119
40 91
66 105
36 103
1 63
28 97
3 18
23 29
99 115
35 89
11 87
75 98
7 71
30 31
27 123
6 41
48 66
16 50
93 105
9 35
14 60
77 89
1 23
48 94
44 68
60 106
109 123
9 32
104 119
66 113
17 79
37 40
105 107
83 90
50 81
114 116
21 120
68 80
55 75
14 101
24 25
23 51
7 122
53 54
4 106
24 116
10 49
66 96
29 75
71 105
20 78
0 112
46 97
50 104
39 122
37 73
72 92
44 57
2 30
23 113
18 27
30 86
42 51
22 39
41 91
2 54
99 121
3 68
46 84
53 106
34 104
9 81
19 38
15 98
40 47
15 40
86 115
2 88
48 61
57 109
30 101
43 78
77 82
33 107
40 56
42 98
3 98
55 89
23 108
9 124
7 76
98 115
27 93
50 113
18 65
44 85
95 98
19 21
0 14
19 58
87 116
18 124
3 118
76 114
42 48
66 82
4 19
62 117
18 53
49 111
9 20
47 93
22 24
9 88
36 101
25 42
0 38
18 23
43 51
33 99
1 113
26 69
90 98
24 72
79 109
57 110
41 42
105 121
55 60
32 103
35 72
14 59
19 113
37 71
70 119
24 77
42 47
19 73
46 96
65 72
43 117
23 96
85 90
30 71
21 88
18 105
40 104
0 15
10 56
31 69
12 41
60 76
30 55
19 68
117 119
80 82
104 110
7 81
25 74
24 78
61 84
30 38
28 55
20 27
56 80
49 74
27 49
51 92
4 104
14 18
57 62
30 108
70 108
49 93
13 88
106 112
52 85
19 118
39 40
38 85
40 66
