1490277882181099333
125
771
degree
1
104 
17 78
16 57
2 4
43 70
4 55
87 100
28 45
92 103
101 105
13 70
49 124
40 117
2 8
23 25
15 66
6 32
39 86
8 77
18 23
9 35
46 108
34 88
0 36
54 68
0 12
8 26
60 70
37 88
35 41
75 93
8 104
18 71
9 121
41 72
16 85
6 25
39 71
38 112
40 67
29 108
63 92
47 59
28 39
3 59
12 55
21 113
25 61
0 114
45 69
28 91
4 66
19 58
83 120
50 102
105 107
19 98
14 87
25 44
85 93
20 47
60 78
1 49
21 67
30 111
71 103
14 60
75 80
69 99
35 103
15 69
85 115
24 67
20 107
51 123
43 123
13 45
3 27
41 74
7 94
53 104
54 82
3 86
24 42
27 115
20 109
94 113
30 107
33 92
61 84
95 113
34 47
35 102
22 114
82 122
19 55
4 54
45 118
35 38
18 116
10 65
49 121
17 42
52 115
13 31
106 123
64 119
48 70
64 84
32 90
61 110
96 114
7 10
36 79
70 73
49 120
5 64
14 97
13 56
52 108
11 105
37 81
5 89
62 121
76 96
6 47
22 66
19 49
55 90
11 68
24 41
10 124
54 70
68 94
35 77
85 107
36 46
31 106
32 84
1 4
9 95
96 107
6 8
63 75
1 84
40 106
66 107
86 98
46 113
31 59
59 76
65 115
23 95
81 110
38 121
44 56
97 101
39 113
14 40
17 67
3 52
7 115
11 61
18 82
14 64
36 68
37 60
24 29
78 123
99 121
41 82
67 92
33 70
69 106
31 67
38 59
40 69
15 105
33 104
4 64
11 15
44 91
45 84
21 112
73 100
58 66
49 50
10 101
15 95
79 109
2 36
8 98
18 100
108 118
95 97
85 98
59 94
82 89
105 114
23 114
7 8
30 88
53 108
12 27
47 52
12 94
61 94
63 115
26 61
12 14
6 70
17 88
23 104
3 30
83 122
25 39
6 48
23 44
12 33
73 120
19 52
39 100
83 85
50 103
8 68
1 37
52 98
22 86
62 95
39 99
79 94
27 65
88 108
2 85
49 56
34 117
49 118
14 32
7 78
2 58
33 115
83 94
55 115
52 102
60 110
70 83
71 101
56 75
59 109
1 57
55 85
92 117
49 103
5 17
72 109
69 71
18 37
84 94
11 109
48 61
11 104
4 58
54 101
2 104
15 17
2 81
78 119
93 110
66 72
28 58
37 90
64 72
37 103
49 65
91 102
3 104
44 108
9 41
20 22
20 36
11 108
72 124
30 49
19 21
9 50
39 91
3 89
48 115
81 84
58 121
95 98
102 108
18 107
24 121
28 103
29 118
9 32
91 106
73 97
27 109
12 119
9 57
100 121
48 71
45 51
54 57
32 88
2 107
107 119
29 88
18 51
52 61
70 120
19 65
12 110
62 119
72 110
0 104
33 111
14 116
76 85
42 95
2 105
34 41
45 99
32 54
25 65
15 90
95 112
89 98
7 123
23 93
8 65
11 80
73 84
108 119
36 100
10 49
9 21
19 35
49 82
43 94
38 74
22 39
11 87
13 43
30 89
87 93
119 121
47 118
59 110
4 85
29 40
36 44
9 69
109 116
36 86
14 24
53 71
60 66
38 43
2 118
77 120
35 59
27 94
95 111
38 61
31 83
7 29
55 113
29 43
1 40
18 74
57 94
68 90
4 46
27 83
26 43
27 33
1 71
49 108
26 106
17 94
81 113
66 82
33 46
99 104
1 110
9 124
4 49
41 115
16 65
68 109
88 117
61 105
1 44
14 51
48 65
14 53
78 92
101 112
18 30
6 66
23 36
9 97
28 31
100 104
58 74
9 47
28 74
82 88
17 96
103 111
45 83
18 124
24 31
11 45
21 23
25 34
4 87
80 105
63 119
27 113
22 63
17 122
5 115
10 67
78 124
34 79
15 98
37 55
53 100
3 97
60 63
27 97
33 64
56 92
14 103
4 37
14 19
33 123
47 112
66 109
25 95
55 81
6 44
14 33
23 48
11 59
52 111
1 63
72 98
26 42
25 56
70 90
65 88
3 92
96 121
2 121
32 118
34 104
63 108
37 99
53 90
3 74
66 85
52 88
47 65
10 99
58 80
9 75
50 95
40 74
38 86
68 113
72 93
22 99
7 37
86 106
2 89
56 101
16 31
36 65
21 90
24 94
20 80
46 88
43 84
5 32
87 104
64 80
40 76
70 119
41 51
5 80
51 66
35 113
101 124
40 114
27 121
1 97
65 100
1 18
39 98
28 61
0 47
31 48
46 115
16 74
81 90
64 93
76 117
26 91
92 106
68 93
75 109
64 116
31 79
59 81
37 123
55 72
60 73
53 58
9 122
2 10
73 91
28 51
4 103
73 105
26 46
69 113
64 103
47 62
2 46
1 104
30 63
40 94
7 11
59 64
108 115
97 119
61 101
4 100
8 24
4 50
53 102
56 96
10 108
9 87
53 122
95 100
76 102
56 107
104 124
8 20
80 117
57 106
72 102
75 119
64 109
32 112
69 100
25 28
13 105
53 121
1 116
11 52
38 96
63 101
17 43
72 108
48 97
60 69
88 121
86 124
82 123
16 77
27 77
71 119
19 95
3 110
8 59
29 52
80 120
23 63
3 11
8 85
61 89
9 36
55 112
27 79
85 116
18 58
80 81
16 58
79 87
65 86
31 71
44 59
7 89
97 104
31 38
12 16
31 124
7 40
17 84
67 124
94 107
30 80
72 87
19 111
20 26
44 55
21 49
95 122
25 99
37 96
27 98
7 91
10 60
95 120
3 51
13 85
7 15
77 83
3 85
42 73
64 113
6 101
103 121
84 107
43 53
49 73
34 38
4 120
10 122
23 123
30 118
77 99
32 123
34 112
72 107
8 70
62 102
34 43
39 45
21 114
2 80
106 116
13 28
94 104
40 63
102 104
30 64
34 110
47 60
13 110
7 28
46 103
38 91
8 97
16 56
69 92
32 37
82 87
36 72
77 98
24 75
79 114
54 91
19 51
7 46
35 106
29 36
83 107
5 65
41 99
46 92
27 68
5 91
27 111
18 118
91 100
19 30
78 107
3 73
12 44
55 69
28 96
48 50
8 25
71 76
71 84
29 74
1 24
4 114
85 113
16 46
48 104
9 11
84 111
5 104
20 46
8 34
22 94
33 47
95 117
59 78
59 112
58 104
3 122
69 103
78 114
70 109
67 68
38 115
15 114
27 75
92 109
81 114
25 53
39 73
53 54
19 32
21 84
16 91
7 108
2 37
62 103
66 90
38 122
8 123
26 78
65 92
49 71
68 70
56 116
6 73
10 51
2 11
22 103
13 24
30 113
16 35
41 46
47 82
12 52
71 123
36 77
38 81
42 100
40 58
82 102
20 52
29 117
71 81
3 115
83 100
71 88
42 52
42 55
49 66
74 116
26 33
23 99
23 107
91 124
37 65
43 50
41 95
26 67
104 119
25 40
42 57
44 61
64 81
6 116
99 118
22 46
20 49
20 123
82 112
85 88
49 95
3 96
35 55
4 59
10 52
23 76
14 120
15 120
56 71
28 98
18 41
35 71
80 90
84 117
71 107
36 47
76 112
40 45
97 100
45 96
26 108
30 104
8 122
25 55
71 122
42 91
50 105
4 108
89 94
33 53
79 105
14 119
46 65
87 123
52 103
56 115
73 82
4 106
80 84
15 26
31 108
38 78
42 63
68 116
70 113
33 73
32 93
23 28
12 118
67 101
17 102
79 117
18 102
12 88
3 17
19 29
106 112
68 78
6 120
25 89
26 87
40 41
13 104
50 119
80 111
52 107
