1490277881598169734
125
450
degree
1
103 
26 27
27 35
73 90
42 45
87 90
83 103
97 99
17 36
43 103
61 101
30 112
7 117
21 85
29 53
38 68
24 71
71 92
36 57
25 102
1 10
49 91
18 106
1 21
4 106
9 68
12 114
5 85
15 41
60 93
41 123
72 115
44 120
33 77
18 35
41 119
63 116
0 120
8 40
69 94
33 57
45 119
42 111
71 103
24 72
35 95
34 124
27 70
67 114
14 70
85 97
4 111
23 96
39 103
0 31
42 56
48 63
17 86
32 83
6 55
46 123
7 14
82 119
23 51
10 72
17 45
20 31
108 119
12 53
12 56
0 91
13 123
65 120
5 116
3 39
61 65
77 112
23 59
31 71
0 96
81 85
39 82
88 122
2 81
6 48
3 9
22 25
37 110
37 108
3 8
21 28
39 109
88 97
51 104
33 93
27 124
28 75
73 111
0 105
62 95
74 84
72 78
31 64
74 81
6 89
17 76
11 93
71 79
31 121
58 116
66 103
22 29
31 94
16 81
14 19
73 98
47 63
52 101
107 118
1 100
54 83
48 80
22 50
9 118
30 113
13 118
68 121
43 53
102 123
17 60
31 58
3 29
11 60
61 114
34 112
5 78
49 80
26 68
23 40
29 55
73 122
6 97
91 110
0 109
68 118
26 114
109 115
2 108
54 117
36 123
4 97
72 87
93 119
23 92
11 115
26 70
23 57
71 100
20 107
48 111
92 97
9 49
69 93
1 88
96 108
55 99
76 108
13 72
18 88
27 45
7 57
56 64
51 119
45 50
47 85
58 84
35 81
30 61
9 81
88 94
65 103
34 86
117 118
26 66
12 25
17 61
28 37
32 123
69 86
7 81
18 26
18 112
28 43
40 53
24 38
46 73
78 81
26 105
50 92
77 101
30 45
67 83
16 31
102 108
77 103
18 103
1 96
19 37
85 95
32 67
60 106
100 110
22 44
66 77
34 83
13 82
64 91
1 116
86 95
17 34
64 94
5 99
36 102
31 91
47 93
39 106
23 91
31 99
15 105
89 100
91 93
52 71
62 82
1 92
109 119
15 102
23 110
3 38
72 123
80 90
74 104
64 116
51 124
64 89
12 82
41 57
78 121
12 121
78 98
10 16
15 107
86 122
59 93
40 75
90 101
46 112
13 45
34 38
56 101
75 78
5 71
81 95
20 38
48 86
27 67
59 95
61 110
79 87
24 97
10 113
64 98
89 90
44 95
46 75
22 95
27 62
12 43
109 121
73 92
13 51
23 111
14 44
37 104
2 103
74 76
41 122
14 79
15 96
46 70
83 112
77 85
33 37
24 77
54 61
55 66
59 123
12 19
84 94
20 55
56 76
63 70
37 67
56 108
31 79
38 111
59 65
30 89
87 99
57 89
26 67
34 42
13 24
20 37
31 62
37 111
11 22
44 50
49 99
47 77
43 75
110 115
82 93
6 60
22 62
11 122
29 107
19 20
22 23
40 68
49 54
14 40
29 119
29 70
45 124
1 107
62 122
32 93
59 120
65 124
16 83
82 123
3 44
31 104
55 92
20 74
32 117
70 85
35 98
88 113
19 33
13 76
22 80
10 80
92 124
16 19
44 119
63 123
16 50
5 100
15 35
63 124
69 104
9 72
39 118
114 124
43 88
0 57
60 100
79 82
24 57
73 105
34 39
113 119
3 11
78 96
12 39
21 91
15 104
21 97
37 77
16 30
76 94
49 57
48 100
2 65
18 80
28 66
72 93
0 84
77 90
22 118
48 118
2 14
33 104
10 111
68 71
39 66
5 21
26 119
56 109
2 11
83 91
59 63
24 116
70 77
18 123
49 107
20 32
5 89
29 116
65 96
53 109
7 100
16 23
35 45
2 44
49 123
76 121
45 69
11 12
70 95
5 59
62 96
6 14
59 75
84 117
11 103
91 113
42 118
7 79
8 28
11 63
44 99
30 91
58 60
68 92
20 39
27 108
51 112
32 102
27 100
46 118
30 73
62 97
100 103
53 98
78 103
38 55
36 72
96 119
23 54
8 88
19 87
16 46
0 3
83 96
42 70
33 66
35 115
33 59
93 102
5 104
57 123
30 37
30 110
71 80
2 120
19 35
106 120
44 53
65 84
29 109
95 100
11 36
86 110
46 109
67 94
48 103
76 90
47 122
12 97
114 119
7 24
49 95
50 70
8 103
94 99
29 121
12 36
19 71
51 82
98 108
3 92
73 101
90 109
8 27
89 110
1 101
34 100
81 114
86 107
30 106
69 118
46 97
44 114
105 109
66 91
53 121
59 122
110 111
79 86
50 73
28 48
32 79
16 89
2 88
116 121
32 50
27 101
14 54
14 63
84 89
31 36
23 34
55 89
13 26
57 77
2 39
18 63
9 103
41 99
69 119
12 17
46 90
73 80
73 86
40 82
88 106
20 110
1 38
35 77
37 95
82 117
34 117
6 116
10 87
42 87
38 124
23 89
48 83
2 82
79 121
2 62
33 36
20 76
