1490277881851604751
125
614
degree
1
122 
66 82
97 124
20 56
26 102
22 27
55 113
75 76
78 91
17 51
87 111
25 81
15 91
50 58
28 39
7 49
5 29
80 107
68 71
34 79
27 58
35 40
10 59
76 110
20 62
62 120
73 92
6 108
22 25
50 96
7 40
61 122
9 60
3 81
81 99
3 117
37 80
17 85
57 66
10 31
9 62
0 124
36 89
63 86
18 64
76 82
61 116
36 51
86 122
103 104
80 122
29 46
110 124
53 107
35 86
113 122
85 120
89 115
95 117
1 48
10 104
73 124
16 77
37 41
87 92
19 71
9 107
14 75
38 65
39 95
15 23
112 124
83 109
24 90
61 97
18 47
34 64
63 81
11 32
12 21
89 104
14 68
97 106
18 73
7 72
5 118
32 82
8 80
46 84
9 121
40 74
5 44
67 117
16 120
0 33
22 108
23 60
35 105
71 119
4 95
4 52
45 85
48 103
117 123
46 74
13 94
19 24
42 113
41 109
101 120
41 93
15 88
43 74
26 112
49 98
30 36
2 107
10 114
21 124
13 47
8 100
25 54
69 105
38 98
70 116
18 86
1 113
77 87
59 94
32 114
3 120
11 33
13 40
90 99
11 42
41 43
32 67
5 6
115 124
28 48
58 80
23 90
4 97
6 91
105 113
59 113
23 73
63 118
59 120
8 71
62 110
57 101
53 116
0 46
51 74
31 80
13 122
85 105
21 56
56 119
73 104
110 116
63 88
9 54
11 36
15 37
25 98
112 119
61 100
39 109
43 52
44 93
57 90
51 99
8 37
3 84
28 102
94 110
85 96
111 124
68 114
68 104
48 59
91 106
14 69
12 88
0 25
55 89
15 102
60 80
29 67
40 85
43 103
53 65
88 115
96 97
0 108
26 57
37 112
11 103
41 123
88 113
5 38
49 110
2 105
54 60
52 70
18 98
27 123
1 17
35 98
1 79
88 96
75 103
56 68
43 51
89 118
62 64
93 123
18 116
29 83
19 27
9 113
91 104
71 79
59 62
49 99
40 64
85 90
16 59
10 20
97 113
53 87
87 103
11 28
59 89
16 70
27 57
115 122
44 61
34 51
0 68
76 112
117 121
101 119
62 89
83 99
32 52
44 47
56 103
104 109
62 104
24 103
0 37
9 112
88 90
29 117
17 54
85 118
105 120
14 66
66 102
43 117
47 116
40 62
63 119
24 105
55 112
23 112
12 20
10 80
2 102
23 93
43 106
79 91
6 40
38 122
6 105
85 97
36 104
13 43
53 113
30 41
39 49
72 106
49 112
37 66
18 20
76 92
33 77
106 123
3 87
21 49
72 88
20 66
53 81
30 50
27 91
35 108
13 88
38 117
59 93
23 119
7 85
48 108
66 120
28 56
79 119
7 89
73 113
66 100
22 23
52 77
98 107
2 37
27 44
24 59
97 103
44 79
8 73
84 115
13 95
25 42
22 45
104 122
31 117
9 72
78 98
52 74
7 20
19 40
11 73
59 75
14 94
20 78
60 113
55 83
52 117
3 12
2 43
11 118
74 123
79 109
100 107
6 50
0 84
30 35
65 123
44 69
3 83
117 122
2 48
52 92
44 122
14 120
24 62
42 122
9 41
99 123
114 116
61 82
8 95
62 93
13 16
37 51
77 103
6 86
28 108
5 56
3 50
56 93
49 93
8 50
103 117
12 66
26 35
18 103
56 106
91 98
28 98
49 85
51 109
82 115
54 118
37 70
7 115
78 81
11 75
39 90
11 68
15 59
40 41
23 100
3 99
99 100
32 54
55 92
6 124
63 114
27 121
54 65
56 77
3 63
76 102
23 89
27 36
26 53
22 67
23 115
82 88
28 85
31 119
21 115
101 118
9 55
81 94
64 84
54 124
29 92
48 120
31 106
53 61
43 123
5 88
67 73
3 62
55 68
99 111
57 79
81 113
96 102
78 117
78 106
3 85
25 43
32 99
78 94
46 47
18 70
24 36
103 106
23 48
93 96
19 59
105 116
70 89
4 47
34 73
80 118
2 83
4 87
20 34
29 65
20 122
16 113
92 115
33 75
120 121
18 67
41 89
18 109
28 82
42 72
28 124
73 114
14 104
22 56
57 115
89 122
36 106
32 90
13 55
41 104
36 100
11 34
20 80
13 85
13 109
47 53
4 37
90 109
50 89
78 105
38 56
36 110
7 24
45 116
9 13
39 118
69 119
3 121
66 109
54 105
27 34
9 101
20 119
40 83
30 100
31 62
1 55
118 122
104 117
38 39
83 90
51 108
6 111
6 44
16 74
81 90
44 65
29 122
24 79
60 93
29 54
56 73
3 100
19 72
94 113
19 66
63 104
35 75
26 69
34 109
52 87
20 26
16 91
35 62
20 124
112 123
102 111
47 111
50 59
17 66
86 99
72 111
70 112
6 58
57 84
11 20
116 122
13 35
30 97
44 95
72 81
14 95
58 115
83 113
8 78
41 81
19 98
108 122
10 66
10 83
44 63
31 121
64 118
109 110
56 118
59 82
9 82
104 121
111 117
30 115
50 78
77 95
2 60
78 95
45 46
78 88
60 72
38 67
34 82
5 101
0 13
74 114
2 78
33 97
44 117
52 122
103 112
39 47
6 67
35 58
30 107
119 123
7 8
70 95
49 72
6 12
0 17
8 122
3 111
78 124
5 65
110 121
44 50
104 124
23 87
53 86
52 66
11 13
71 101
43 99
8 41
10 62
89 90
56 112
52 55
56 71
60 122
36 108
3 57
41 73
36 73
75 112
12 70
28 115
85 89
98 111
27 50
4 122
29 88
29 51
31 83
17 108
1 14
59 64
66 101
7 99
90 108
14 74
27 92
57 124
29 121
31 57
13 36
87 120
55 82
46 106
50 66
14 57
17 58
64 72
85 99
13 102
7 111
5 27
82 94
0 103
22 42
105 117
5 85
12 124
20 43
25 29
18 66
36 112
31 82
16 110
13 83
7 124
2 86
6 55
8 83
67 69
29 82
64 78
24 34
70 88
114 115
29 75
29 104
57 81
14 91
72 91
1 88
91 124
65 86
53 58
37 122
47 49
39 111
49 57
88 116
24 120
12 120
20 21
85 86
25 111
36 121
20 107
42 66
28 120
57 105
16 20
51 89
9 65
105 119
54 80
34 62
41 96
98 109
12 59
4 11
84 93
42 69
