1490277882160044716
125
771
degree
1
65 
19 87
50 55
6 32
45 114
34 70
47 119
65 70
43 113
5 116
93 107
5 109
35 116
2 55
35 84
88 94
44 122
65 112
0 16
32 51
89 115
86 99
92 110
14 31
95 106
17 70
63 79
51 55
62 97
35 86
120 122
14 28
90 113
26 113
17 74
5 19
42 65
106 123
0 94
77 103
27 61
83 99
31 47
47 79
24 119
26 78
46 68
69 71
35 49
9 86
39 99
15 24
81 120
15 104
25 97
41 94
11 39
51 68
30 98
14 62
72 89
63 84
6 86
14 20
48 115
12 23
2 82
11 65
98 113
9 108
9 122
5 106
59 70
1 83
54 85
10 76
100 102
48 83
9 102
99 105
40 112
60 93
29 105
17 96
29 114
21 79
71 85
50 90
36 106
12 50
37 66
80 85
27 95
52 62
26 92
58 59
65 118
3 101
7 21
14 64
57 67
47 57
52 66
12 60
76 110
16 100
59 111
51 54
5 117
69 124
31 73
75 93
17 121
8 123
53 73
22 75
13 102
38 104
56 102
65 101
18 118
4 24
91 93
12 33
1 77
10 115
29 55
34 84
38 88
97 124
9 64
21 72
21 22
41 65
95 119
69 117
58 83
1 86
34 43
2 53
43 45
36 59
7 107
17 98
40 45
11 31
22 23
55 101
79 113
62 88
41 107
91 113
40 65
52 74
13 17
86 109
114 124
26 54
23 65
30 60
54 57
69 91
7 41
38 43
20 74
1 91
16 98
35 99
3 115
35 67
26 71
46 89
73 102
55 81
42 102
43 58
19 54
20 113
99 116
89 119
36 109
79 98
74 105
0 63
24 87
18 63
48 80
0 18
31 100
18 46
23 30
72 98
10 80
73 117
72 111
48 101
43 103
15 106
39 79
50 109
28 62
12 35
24 99
50 113
11 47
74 94
19 105
24 47
24 53
57 93
27 42
16 99
4 19
55 69
1 70
74 82
75 116
60 87
15 75
62 65
13 39
76 102
44 85
90 110
24 78
59 118
9 85
59 88
48 109
33 84
18 84
15 28
51 70
39 104
81 88
98 118
11 103
43 96
47 65
20 91
8 58
36 50
29 41
43 109
13 63
24 95
5 110
90 112
51 83
41 123
61 97
65 97
38 106
50 74
65 113
17 87
17 63
109 114
49 94
28 78
19 97
56 94
79 118
61 65
105 115
23 111
101 106
16 32
13 106
9 43
41 61
71 73
54 121
53 64
67 94
14 80
13 86
9 59
15 79
36 73
12 34
40 44
61 122
25 105
82 115
42 81
26 59
43 112
28 92
90 111
52 117
6 13
41 102
16 73
99 114
24 113
82 114
30 88
107 116
45 82
11 89
64 113
32 60
35 56
17 24
81 113
17 80
23 118
24 105
61 101
56 75
37 98
74 92
19 45
23 34
76 97
46 62
45 98
1 117
25 51
40 74
57 81
53 89
22 89
19 108
81 86
23 105
36 37
22 31
32 70
6 84
101 107
85 118
75 92
0 85
101 119
41 85
20 45
28 70
31 101
63 85
65 88
68 103
8 45
60 113
45 104
52 90
62 77
49 124
36 67
1 85
40 46
22 57
32 90
116 118
47 90
28 101
2 14
28 59
53 57
32 118
17 119
38 77
122 123
23 54
69 116
12 63
75 99
14 15
3 65
33 104
4 23
26 69
6 68
33 51
8 13
103 118
84 116
26 66
42 97
1 99
67 79
37 83
42 115
79 90
17 42
0 24
13 15
50 68
42 50
104 115
75 124
40 66
21 35
6 122
31 104
28 50
22 73
15 54
70 98
74 118
42 106
1 48
77 120
21 116
8 31
4 58
44 89
53 108
14 81
57 75
43 119
56 79
29 93
78 110
3 103
61 121
9 52
75 83
18 97
100 109
18 96
99 103
36 38
7 26
27 51
82 119
37 79
14 34
16 44
63 110
21 96
4 99
16 60
106 118
25 124
87 110
80 112
61 88
3 24
69 106
27 66
4 89
2 9
92 96
32 120
33 97
87 104
11 18
33 52
49 75
65 119
66 120
44 53
17 103
91 99
37 88
20 119
32 104
84 113
7 43
80 97
51 123
8 18
42 52
51 59
21 33
71 102
90 107
8 35
49 76
49 62
13 104
118 121
17 27
89 107
88 89
15 108
32 123
97 104
54 80
20 110
30 50
42 48
48 93
45 101
89 104
41 64
71 83
65 98
15 101
15 35
3 58
77 124
23 92
19 28
86 119
51 96
4 51
60 62
75 106
5 49
16 116
45 75
18 61
54 90
72 80
35 97
29 89
28 61
18 31
79 86
4 73
8 9
45 56
42 78
70 85
40 102
46 61
82 104
5 89
20 104
18 86
7 79
76 83
89 113
30 86
17 51
67 91
10 103
16 113
11 111
13 107
75 88
19 34
60 63
51 110
34 58
31 90
40 100
13 114
93 97
4 93
24 123
47 62
88 106
42 110
87 103
66 69
64 109
21 78
44 107
17 52
40 114
84 103
40 75
86 120
1 114
51 104
36 66
16 101
34 95
33 78
19 122
4 32
48 60
81 95
40 58
31 32
12 39
22 71
31 70
36 64
37 85
103 115
46 93
85 113
11 12
2 71
15 120
25 73
41 58
62 67
8 43
6 77
29 111
20 63
34 64
18 104
5 105
27 100
25 101
45 113
11 35
2 89
15 50
35 119
59 123
15 31
112 116
88 91
5 83
70 89
2 4
106 107
60 96
40 51
2 49
62 87
24 69
17 99
82 117
69 78
71 82
6 111
3 28
30 49
10 63
4 38
49 97
26 95
16 72
2 101
17 104
32 65
69 81
5 88
57 112
9 80
34 86
35 48
31 42
7 77
92 124
27 69
45 87
9 61
69 118
38 42
32 38
54 74
64 119
11 91
1 80
27 94
69 111
81 101
31 99
2 76
23 84
29 102
25 115
76 90
34 112
10 118
50 66
30 118
42 54
75 87
75 121
49 66
64 83
42 53
42 49
33 75
2 16
30 110
12 106
18 114
64 71
50 88
11 94
46 86
33 110
22 120
49 111
2 105
8 119
20 111
6 41
59 74
5 22
94 106
45 91
6 46
51 65
14 86
43 70
23 90
12 52
110 113
107 110
59 101
11 122
22 43
38 124
8 10
38 100
30 48
24 83
9 48
18 19
31 78
46 78
8 116
59 75
43 78
105 120
7 101
34 37
75 76
30 73
50 80
4 20
108 109
6 70
88 116
11 22
32 82
93 123
22 68
4 81
29 79
17 66
105 106
11 106
71 91
13 37
72 115
29 87
49 73
52 115
11 78
79 103
63 124
26 100
85 119
118 120
25 107
30 74
10 79
64 76
33 91
38 84
61 92
17 67
66 87
47 101
2 54
37 84
69 115
39 111
49 99
44 57
7 75
17 53
21 53
15 36
35 60
115 117
62 94
18 124
14 121
47 59
11 104
31 82
32 64
32 55
6 14
68 100
48 71
45 59
81 114
110 123
83 88
3 5
29 59
39 70
54 105
97 120
39 65
43 97
31 62
18 109
65 108
44 111
86 113
40 124
73 118
8 78
83 113
12 119
41 55
26 120
85 117
49 93
21 71
68 106
58 93
37 109
19 81
82 103
43 80
41 72
32 114
33 100
2 41
6 9
5 102
0 3
42 118
62 111
76 122
99 115
96 111
58 114
2 64
19 29
26 30
6 23
30 91
103 111
52 67
0 51
55 65
41 82
28 41
14 92
2 61
50 60
58 109
43 68
5 42
46 76
45 60
81 117
21 77
66 78
15 43
16 102
8 59
29 37
17 25
