1490277881827265371
125
614
degree
1
36 
64 106
35 93
78 101
65 109
0 92
56 96
8 42
94 105
47 110
21 23
16 83
11 116
8 58
77 104
2 115
34 83
52 118
41 81
71 88
26 96
43 60
117 123
30 44
39 49
31 103
57 95
3 70
84 117
70 84
80 112
12 25
109 117
37 118
8 75
86 98
19 81
94 104
51 59
2 71
66 94
55 121
41 72
2 49
37 53
17 26
83 112
20 45
17 39
39 81
56 59
55 114
16 57
39 97
9 38
107 108
2 67
47 99
52 57
33 49
23 32
23 28
97 121
65 97
1 49
42 47
45 71
38 88
19 104
36 53
34 48
24 41
62 77
18 28
58 89
59 82
44 77
36 102
15 84
4 24
18 120
3 92
2 118
58 61
2 28
8 9
31 111
54 84
63 98
13 20
43 94
1 63
40 62
15 113
27 55
25 77
3 29
50 55
78 109
1 11
7 103
66 68
31 54
38 107
35 59
87 98
28 64
20 22
73 95
42 100
8 122
46 50
10 21
6 76
77 90
6 122
5 73
74 119
69 120
79 102
11 85
39 74
51 91
72 124
2 14
65 115
40 59
28 35
30 114
54 99
40 51
27 109
18 113
38 93
19 60
10 49
98 107
7 53
86 91
40 75
45 79
13 74
72 80
75 115
75 92
24 123
51 124
65 76
52 69
40 88
90 100
12 112
37 107
61 120
27 28
3 57
34 92
97 112
36 67
22 79
9 27
15 49
19 118
21 58
4 44
28 33
87 106
28 88
17 63
97 115
19 96
76 92
30 121
51 100
35 42
45 116
15 53
26 69
55 69
12 28
12 50
85 103
73 83
1 90
33 118
36 40
64 110
4 12
16 91
79 111
34 86
51 118
30 88
43 87
19 116
16 109
87 120
37 90
45 72
39 72
13 37
88 122
86 107
58 78
29 113
16 30
48 121
97 102
32 123
54 69
63 120
34 49
14 110
4 102
26 119
25 64
43 105
44 101
56 61
78 95
60 92
44 96
56 99
52 119
68 85
6 35
7 98
94 102
13 21
55 67
32 58
26 89
20 30
12 29
3 43
52 54
43 78
47 49
61 81
35 60
55 78
4 121
16 95
105 106
28 111
95 124
38 58
12 61
15 59
28 77
112 121
69 96
54 106
63 104
7 91
40 94
0 63
11 111
13 72
52 90
101 104
6 84
0 55
114 117
15 24
77 112
72 106
4 72
25 79
83 123
36 37
94 100
16 33
5 49
34 117
60 85
0 69
22 37
103 115
21 70
37 61
27 79
70 80
47 103
23 95
67 85
1 74
50 68
89 109
35 53
4 61
5 109
17 53
29 57
15 116
120 124
32 96
12 21
20 41
42 91
59 104
31 55
32 83
74 87
61 97
12 54
53 64
89 122
24 27
36 88
32 74
24 98
5 14
69 118
44 59
22 89
5 107
52 100
33 73
56 63
17 114
6 32
33 91
49 91
21 68
16 64
57 97
72 117
4 70
34 71
87 113
68 118
67 121
44 81
59 106
78 96
19 69
8 124
3 26
22 67
32 98
14 31
16 66
48 73
33 84
16 28
32 47
30 90
2 114
15 107
43 82
37 110
3 22
41 54
31 44
4 92
83 104
66 98
4 35
81 96
5 116
22 59
22 93
94 101
10 44
2 43
34 61
67 105
38 70
46 87
30 59
6 100
72 84
10 52
55 117
42 60
12 36
89 121
34 74
14 121
7 99
46 68
98 112
1 56
95 117
47 56
24 60
21 33
36 73
50 117
26 111
20 108
10 15
36 38
81 85
20 101
66 86
107 114
93 113
66 107
11 50
20 21
64 101
23 100
12 83
23 48
49 86
108 109
59 92
73 117
96 113
55 116
52 94
13 60
14 81
22 55
89 100
54 71
15 75
68 84
38 76
70 118
4 110
34 42
66 99
59 69
6 83
24 64
94 115
75 79
25 59
2 101
71 114
49 122
29 84
63 89
36 93
23 84
11 112
60 96
33 81
91 100
2 33
15 69
22 24
26 64
117 124
8 51
9 18
48 82
80 90
20 93
45 118
5 18
56 67
16 50
13 70
76 117
13 22
58 90
11 71
39 57
15 106
0 47
7 13
44 122
93 111
49 54
39 111
3 58
21 84
70 117
52 92
39 122
43 73
46 86
3 89
65 78
59 99
42 56
34 124
21 104
45 99
25 109
5 115
59 63
80 87
26 79
27 124
2 60
74 88
35 75
24 92
11 87
38 108
25 105
83 124
31 115
98 108
49 70
111 114
23 86
8 69
94 110
15 44
32 50
27 33
4 117
10 104
51 71
39 61
36 58
5 38
57 75
90 115
86 108
52 103
92 119
22 108
32 105
61 73
9 46
80 118
69 100
68 96
45 51
43 84
17 35
33 104
51 76
10 19
83 108
9 44
56 92
1 94
19 114
8 20
1 33
66 116
54 122
31 61
36 113
5 82
84 108
36 62
79 108
55 118
47 74
44 95
88 123
56 115
17 78
40 61
46 119
4 81
54 92
31 48
81 113
74 96
70 74
29 80
66 85
53 103
9 65
2 111
33 96
40 74
11 119
36 99
42 112
64 109
20 32
52 101
14 72
18 24
65 122
62 108
5 96
48 60
97 122
8 84
22 91
58 107
24 118
28 87
48 113
61 67
11 99
56 80
12 19
42 88
7 120
20 92
15 118
9 75
27 99
67 101
15 34
36 64
72 104
14 36
11 38
74 93
32 56
49 88
11 48
25 98
76 86
60 124
22 116
22 27
40 99
38 73
56 108
35 48
60 104
25 38
58 71
20 111
111 115
30 118
15 88
76 81
26 48
35 111
65 93
0 32
41 42
46 90
52 106
7 40
63 83
68 113
23 116
20 35
37 97
84 111
15 95
0 9
5 58
59 101
23 65
39 71
17 55
0 70
57 108
20 104
70 77
30 79
77 101
34 113
91 98
3 97
12 62
31 100
11 107
66 79
85 108
37 59
82 92
12 44
100 117
5 120
54 63
1 29
64 111
2 105
56 75
19 51
52 83
35 36
19 23
60 86
32 90
9 68
14 80
80 117
0 39
25 123
46 65
68 120
26 58
25 39
72 88
5 76
43 99
36 115
74 79
74 124
8 35
90 112
24 103
27 71
81 108
96 112
63 94
19 21
63 84
20 83
