1490277881915365364
125
614
degree
1
81 
46 118
29 80
45 51
21 120
67 77
76 106
10 124
20 50
55 88
14 54
12 68
79 86
13 101
86 117
98 101
5 91
61 106
79 113
47 48
41 123
48 95
17 76
60 121
105 112
54 64
51 123
18 21
10 63
7 67
30 124
2 8
41 50
19 41
37 93
75 89
36 81
39 114
27 117
51 55
75 119
3 112
34 75
34 41
1 93
11 124
100 114
33 106
85 105
34 69
46 106
81 96
9 66
1 116
66 117
18 61
52 108
11 57
10 103
37 98
88 118
2 17
67 98
81 111
49 83
70 72
58 74
66 83
19 72
86 104
97 108
58 91
81 113
52 71
91 119
8 64
27 116
82 90
72 104
45 90
16 47
41 114
65 123
45 95
84 86
32 77
67 92
38 114
16 68
4 89
52 55
7 25
6 98
15 55
53 65
36 42
11 47
34 59
11 23
43 99
112 119
98 109
0 46
41 43
40 54
42 94
32 107
31 121
13 24
44 122
29 49
58 115
65 73
87 124
30 44
32 78
92 110
28 62
95 102
28 36
22 38
26 49
91 121
27 56
35 78
0 37
7 56
6 49
63 77
50 118
13 71
42 109
45 55
28 96
16 83
75 118
25 32
54 99
0 9
51 89
65 85
23 34
2 80
29 81
46 98
6 111
102 116
8 66
25 73
60 101
9 92
86 94
3 83
12 123
16 120
1 123
33 57
37 117
61 119
105 109
20 83
74 93
6 104
23 105
18 42
61 97
72 86
75 88
7 62
66 97
74 111
20 25
62 108
33 110
36 124
45 102
46 101
37 48
48 97
56 88
10 106
34 77
42 108
24 88
61 70
28 31
46 66
77 113
39 48
7 26
5 80
9 109
1 90
74 90
8 81
29 36
27 90
45 115
10 28
51 122
19 40
22 28
19 111
83 99
63 124
50 53
55 59
87 123
1 109
60 106
63 92
60 113
0 53
12 96
40 55
20 22
83 96
17 67
7 122
28 68
70 75
2 38
47 63
116 123
82 111
18 124
8 106
20 112
26 85
11 70
14 98
0 96
28 87
24 28
19 27
26 46
30 57
10 108
14 46
49 69
64 81
43 86
23 45
59 66
42 114
52 92
8 102
60 70
11 25
14 97
36 40
14 29
56 59
7 33
54 83
7 104
85 108
52 106
10 68
66 122
37 54
0 10
32 96
67 102
16 115
8 94
29 118
40 49
24 95
43 92
10 87
51 80
25 111
24 47
4 87
5 107
14 109
110 124
15 106
10 81
13 33
74 120
86 106
30 76
13 107
66 106
2 77
4 83
64 94
18 73
18 22
28 83
31 85
43 85
13 81
44 81
49 79
53 74
30 84
4 53
45 65
15 73
62 91
8 74
35 37
84 89
60 123
93 110
5 10
9 76
62 114
90 117
34 60
46 57
21 52
79 100
7 120
71 117
76 100
72 100
20 56
42 47
7 17
30 105
54 111
49 118
15 62
33 35
44 55
6 48
31 81
16 88
75 95
90 96
73 92
55 64
20 123
97 114
31 69
19 110
57 71
24 61
49 64
104 118
24 42
74 80
14 16
31 124
101 119
8 119
38 123
20 37
68 101
23 89
13 77
85 121
9 89
48 74
28 81
33 85
12 13
18 54
11 97
24 75
52 80
20 81
16 93
64 123
6 50
57 81
12 59
37 101
36 55
77 83
3 12
0 63
9 59
79 108
107 113
29 30
42 64
69 114
32 83
60 68
34 93
52 97
61 64
42 97
27 31
35 38
27 71
67 114
17 90
37 103
19 68
61 123
92 121
108 110
65 97
94 112
12 77
23 28
93 121
46 95
84 117
65 90
29 48
28 37
64 85
48 85
8 69
51 85
90 100
61 86
16 55
51 112
14 78
29 50
11 49
16 79
66 88
50 59
32 74
3 93
23 57
13 58
45 116
18 92
90 115
57 64
48 102
67 116
22 89
87 103
60 94
56 66
23 75
25 108
47 111
57 108
50 105
28 45
22 65
65 115
41 52
80 98
20 73
34 78
100 120
21 122
25 37
36 88
88 120
53 98
51 109
72 90
40 62
60 80
4 109
81 124
35 53
55 117
114 121
105 111
74 121
11 86
76 122
32 33
51 76
77 91
49 88
33 99
37 89
78 91
46 50
47 83
88 101
32 66
34 89
82 108
60 104
10 74
75 77
39 111
42 121
27 41
45 60
21 114
0 51
65 110
87 112
34 79
39 94
0 22
1 77
42 107
83 113
31 62
1 57
45 56
12 121
45 70
50 117
72 101
2 112
98 111
64 86
3 119
49 96
105 118
39 50
77 117
73 112
13 122
16 30
122 124
59 71
29 92
76 124
43 104
26 53
21 27
33 98
38 124
83 119
43 78
97 118
17 23
15 118
15 22
45 124
38 43
60 112
30 102
72 87
86 88
25 110
38 49
86 101
54 88
66 89
45 104
37 51
25 61
8 92
41 103
53 57
23 120
78 96
42 63
58 110
68 95
23 48
20 94
25 103
14 61
14 86
50 51
32 55
15 30
9 98
59 61
1 41
101 116
23 66
26 73
12 85
107 123
69 73
24 40
23 58
3 111
71 86
0 58
59 96
39 112
49 71
54 121
18 109
14 15
4 80
67 87
42 61
69 108
47 100
68 113
36 93
37 115
42 88
56 94
51 91
42 45
49 59
16 17
97 117
36 83
3 97
14 106
22 88
4 85
62 84
41 70
57 101
19 28
81 88
5 124
8 60
21 85
57 104
57 97
8 29
47 80
55 106
85 123
45 58
1 51
83 94
32 34
22 104
32 112
6 23
94 101
64 73
1 26
34 50
117 123
6 119
102 118
49 97
75 93
14 118
32 117
37 67
28 47
99 121
3 39
41 61
18 89
45 107
10 78
55 74
69 119
104 107
21 105
31 114
102 120
50 107
57 114
72 88
34 112
46 123
61 85
43 81
47 54
87 106
24 50
39 101
16 28
11 71
9 90
15 75
91 101
44 95
27 50
77 81
105 120
44 103
73 96
57 111
64 77
39 115
20 35
47 58
48 78
26 36
35 90
50 84
67 95
30 50
68 88
26 33
13 116
9 95
15 17
25 88
3 73
4 95
31 37
56 81
15 81
20 103
19 106
24 108
54 55
85 99
2 96
42 51
8 117
23 59
69 124
60 64
55 95
19 119
49 109
88 111
25 38
21 73
25 26
34 51
