1490277881779409026
125
614
degree
1
52 
25 29
73 121
4 19
94 124
60 106
45 79
21 80
34 110
30 49
81 116
46 109
115 123
17 89
25 104
26 118
101 113
1 84
1 61
36 38
106 114
0 109
78 109
56 78
29 60
105 119
24 82
66 86
91 121
82 113
39 56
19 118
30 53
0 34
1 79
75 98
29 108
64 70
95 113
53 100
37 68
69 87
80 90
82 94
53 101
39 122
72 111
60 93
86 104
7 55
107 110
75 109
7 83
14 117
9 21
11 124
79 108
30 47
103 108
12 13
23 120
77 99
104 118
16 57
36 83
88 113
93 109
72 86
47 51
2 11
4 53
64 123
96 98
65 121
10 21
17 112
48 60
2 99
61 121
33 83
25 119
8 113
69 115
9 79
38 91
56 74
50 68
64 106
76 114
26 57
50 92
42 77
37 108
15 53
12 44
12 16
74 102
5 113
22 23
32 62
41 72
116 121
43 78
97 108
3 46
67 83
46 59
45 54
28 71
17 111
22 101
7 40
32 65
12 14
35 43
85 116
38 71
8 63
20 46
6 97
52 103
31 84
27 70
18 74
58 77
22 84
15 49
22 56
63 94
66 103
81 107
10 70
12 61
49 79
7 62
15 108
41 109
94 110
28 70
32 66
84 101
70 105
87 122
37 112
28 34
52 124
28 42
8 53
56 72
36 84
18 47
7 94
14 82
2 112
0 114
35 92
22 55
67 116
65 116
14 79
58 113
21 60
62 99
52 57
19 39
21 86
70 111
37 122
51 84
30 38
11 17
1 35
41 70
91 97
114 123
21 28
23 90
37 102
96 117
69 108
5 69
73 109
40 96
89 115
3 117
12 76
11 95
4 78
64 97
51 122
80 93
2 35
53 59
17 75
5 17
69 95
24 108
35 89
59 117
51 53
90 110
49 80
32 92
69 106
23 48
13 53
42 62
59 86
68 107
104 115
6 19
9 66
81 109
28 50
9 54
26 73
41 54
41 93
61 68
6 94
52 81
65 97
91 116
52 54
31 68
19 92
23 87
11 116
25 32
101 107
14 43
84 97
8 97
0 93
20 30
2 53
61 112
10 34
14 72
27 66
6 116
10 23
5 22
18 108
7 105
73 108
42 66
15 38
65 72
50 52
38 75
20 26
2 114
73 90
40 60
16 34
76 81
25 80
47 116
44 58
44 100
65 89
93 115
98 111
15 37
69 75
7 106
70 122
8 40
49 116
46 87
86 112
52 115
50 75
55 107
12 107
16 47
114 119
29 69
18 81
72 124
41 66
2 4
11 73
48 104
58 109
54 116
15 122
62 113
11 24
87 120
26 36
63 119
13 39
29 68
70 93
65 70
28 67
15 35
17 51
31 98
72 108
55 101
52 91
34 65
12 91
101 114
19 90
102 121
36 63
29 99
29 33
90 96
38 52
1 68
103 123
60 70
48 56
32 34
63 68
25 95
79 112
13 65
60 120
10 112
31 94
45 116
31 37
74 99
29 66
58 121
53 80
30 40
27 54
74 117
78 115
24 97
10 68
22 110
13 75
47 92
8 68
6 26
53 68
5 38
80 94
59 108
23 32
72 98
15 116
75 91
67 85
81 95
12 105
23 96
48 88
8 101
52 63
45 119
54 59
62 89
73 105
11 113
87 94
3 94
106 120
59 124
39 92
12 41
69 101
13 35
52 100
53 60
14 45
21 45
15 114
52 111
3 95
33 39
19 106
95 121
71 120
58 63
40 95
13 94
21 99
10 18
3 111
53 55
13 19
55 116
21 87
42 45
35 117
52 60
45 86
75 124
35 55
5 79
56 113
70 120
10 89
18 29
18 31
29 46
33 59
45 101
50 82
10 73
30 86
14 99
7 68
0 9
44 110
47 55
3 78
50 95
50 69
60 79
16 99
64 75
81 112
13 92
14 87
113 121
32 81
83 104
118 124
8 118
22 43
11 51
35 99
45 74
62 100
16 95
39 117
45 78
74 116
78 95
19 117
41 120
27 29
106 113
9 116
10 65
22 96
9 20
44 84
0 78
77 108
69 123
22 108
57 119
60 107
54 92
11 76
29 97
40 55
3 120
18 119
64 84
35 64
103 121
54 87
28 54
21 88
9 68
47 77
44 101
4 15
5 6
63 90
53 65
5 101
16 54
37 113
9 123
57 58
28 119
48 66
7 80
52 101
63 93
46 52
51 100
13 28
58 73
19 25
1 9
38 123
57 69
51 89
112 119
102 124
56 66
57 86
46 82
61 117
2 24
52 82
14 106
33 103
59 65
36 120
45 94
32 90
37 120
32 96
1 69
54 56
71 122
49 69
49 123
23 78
20 49
81 83
67 109
61 106
65 81
19 34
11 109
0 23
21 91
51 86
44 88
10 92
34 87
50 110
98 122
52 66
46 67
74 93
56 68
34 79
30 43
93 100
31 57
14 46
6 79
7 8
20 37
12 49
8 76
29 32
27 87
5 16
2 43
20 27
62 102
8 22
49 65
21 106
3 101
32 119
29 73
43 60
41 47
73 99
18 58
12 100
55 72
61 101
24 122
52 102
41 116
18 21
52 83
18 56
24 110
10 51
53 73
39 102
98 116
86 115
56 122
60 118
32 122
99 119
35 42
74 79
15 34
25 66
58 94
9 102
31 87
55 96
71 80
13 100
23 31
9 30
57 113
0 111
34 82
114 116
5 32
17 103
65 119
6 86
80 120
72 91
51 97
5 92
18 87
96 109
94 104
9 108
4 16
20 107
21 97
8 61
17 118
35 98
43 73
68 102
20 22
60 67
46 123
57 80
22 57
65 79
95 100
1 109
80 107
9 106
3 38
62 120
7 99
8 98
5 82
20 111
48 109
15 72
57 81
39 57
62 111
10 123
16 83
62 70
91 111
35 49
16 124
35 40
76 97
29 55
7 35
31 105
106 122
5 13
55 115
33 122
75 110
5 90
73 104
65 87
34 37
66 69
45 123
11 114
34 100
14 108
25 33
48 70
7 33
49 119
101 119
2 102
102 109
70 82
20 96
62 79
60 88
28 68
5 27
5 78
45 111
57 100
98 107
55 118
70 88
47 98
74 101
63 104
12 63
7 30
17 97
67 98
7 38
12 92
71 98
3 88
41 89
20 40
25 53
87 104
28 74
7 20
47 50
36 65
7 120
3 10
14 124
27 90
109 118
88 94
66 70
28 105
25 42
15 107
44 69
86 122
50 78
47 80
