1490277882138972871
125
771
degree
1
116 
64 91
4 12
14 72
84 90
33 53
62 79
32 70
17 39
68 83
87 92
61 106
1 74
85 102
13 108
62 111
9 98
8 84
35 59
85 116
9 80
13 41
41 86
79 94
11 69
10 83
77 92
12 17
29 45
45 84
90 109
26 73
39 95
54 100
59 91
3 24
59 119
61 64
56 112
24 108
31 66
99 123
56 67
25 73
68 85
9 120
59 85
70 74
0 100
19 28
26 91
38 119
21 62
11 54
6 91
77 96
62 80
60 116
69 115
28 101
83 110
52 122
58 104
31 39
100 112
10 120
43 120
55 90
8 116
5 110
18 81
21 30
12 33
63 113
37 49
34 75
55 96
65 77
37 78
65 99
49 119
2 32
12 59
28 67
40 52
52 87
97 115
114 121
50 73
83 112
7 123
16 64
49 103
26 71
20 28
50 105
26 107
86 103
15 26
113 120
20 32
80 118
10 104
40 81
48 83
88 103
23 32
1 34
72 112
51 107
22 109
51 82
36 122
47 74
42 73
27 71
45 117
119 124
17 121
29 44
21 93
34 46
56 57
56 89
76 96
24 92
37 81
120 121
35 105
78 107
57 72
30 54
12 56
96 98
59 73
21 67
8 58
18 73
39 44
33 83
40 77
18 78
11 31
52 60
8 124
15 102
29 68
48 107
55 118
46 86
98 111
17 122
28 35
64 87
4 90
39 61
13 46
11 116
64 100
68 96
7 12
35 77
13 116
2 11
0 76
66 79
24 77
1 103
71 74
90 114
80 90
14 39
20 109
4 118
7 95
64 104
40 64
2 36
32 101
2 55
3 124
37 122
20 84
41 73
36 95
47 68
2 102
61 118
30 52
58 59
28 110
0 121
21 63
54 58
16 122
29 122
15 101
31 37
32 65
61 84
5 74
13 25
28 86
11 98
25 103
78 101
1 83
98 115
70 122
25 68
57 107
109 110
27 49
82 110
67 77
22 45
27 82
67 96
65 123
57 124
81 121
9 95
40 89
32 95
48 121
48 86
54 97
30 56
59 112
3 111
3 52
3 89
66 99
31 124
51 71
2 53
15 74
41 106
59 82
14 119
39 109
53 105
3 18
17 119
3 80
19 34
9 71
76 77
39 116
51 55
68 103
21 81
16 102
79 92
22 64
37 65
2 39
30 116
52 71
75 102
26 38
25 27
31 82
62 116
22 47
6 83
95 97
32 64
10 114
82 100
47 53
19 118
30 44
46 56
14 98
12 37
74 115
92 103
86 116
48 90
52 110
15 57
1 73
18 87
52 72
0 16
106 110
36 74
43 66
79 105
21 26
30 97
34 91
47 51
39 48
10 105
45 70
44 94
25 62
10 19
57 105
8 99
30 78
31 68
40 122
62 71
2 101
21 108
12 110
26 69
42 123
66 115
47 61
51 95
52 102
17 31
1 5
27 83
27 99
64 98
2 104
3 15
50 91
20 68
11 90
58 74
33 37
14 96
27 35
63 69
94 109
36 118
26 29
8 90
56 75
90 106
36 105
31 52
49 54
14 43
85 101
10 113
19 113
25 30
13 61
4 70
7 19
50 112
24 41
35 64
30 84
11 123
27 64
39 76
61 116
3 28
18 24
56 79
117 123
15 50
32 78
11 26
39 84
31 99
21 43
5 24
100 116
9 77
19 49
41 119
38 49
21 56
18 96
112 122
99 105
63 108
0 120
41 99
28 51
87 98
102 107
79 110
4 99
61 98
27 65
14 15
71 77
45 64
19 99
82 113
2 54
14 76
12 77
16 123
26 102
6 16
23 93
25 47
53 57
65 76
15 19
2 87
20 29
49 61
41 49
19 60
33 119
18 52
12 93
96 121
33 67
13 97
103 108
95 101
59 122
61 76
15 75
38 69
52 58
8 106
86 119
21 73
49 120
7 47
43 49
51 90
45 50
6 102
94 96
0 38
4 105
48 118
42 55
36 80
21 23
8 45
71 109
62 106
13 37
30 49
63 77
36 90
10 65
45 111
25 120
28 77
54 64
29 80
1 65
41 51
54 87
37 116
4 111
26 52
99 102
4 75
22 116
17 103
10 73
51 86
19 111
74 95
88 105
53 112
40 105
8 28
17 94
94 101
116 118
26 90
17 112
15 104
18 39
62 96
18 65
86 97
0 50
1 85
44 119
105 111
24 61
96 118
0 77
50 75
16 29
37 107
44 73
19 98
15 117
9 11
11 17
37 103
74 114
30 104
32 123
98 119
30 106
31 32
39 63
29 69
33 78
35 109
63 124
12 115
11 50
31 122
88 107
35 107
32 86
98 108
52 98
18 88
26 55
54 81
15 69
71 115
0 3
91 94
24 119
52 81
28 113
6 49
68 105
66 121
11 91
5 101
12 39
66 88
53 122
2 81
94 116
24 76
29 112
0 99
30 108
15 72
20 43
37 111
40 76
1 48
26 33
58 70
50 106
0 80
43 124
21 57
23 49
32 56
58 116
75 91
14 71
8 44
10 101
7 54
27 122
37 50
41 104
42 67
77 79
62 89
40 108
50 103
13 81
47 98
43 63
9 87
12 44
7 48
13 82
5 61
3 112
68 91
23 122
94 99
56 62
40 101
82 85
27 36
21 41
49 80
12 46
62 94
22 49
32 122
22 50
74 116
29 76
76 79
18 92
17 83
54 96
39 107
46 67
43 68
38 107
30 53
47 70
46 116
42 48
36 65
19 63
23 95
12 98
20 67
56 76
17 111
66 93
15 84
40 119
15 38
16 121
63 84
6 55
78 98
1 9
46 72
1 66
24 26
8 87
37 94
114 122
38 72
28 58
63 67
47 83
19 33
8 96
61 73
68 108
42 59
7 13
78 122
29 120
34 77
41 75
31 83
63 100
88 89
63 110
40 46
74 105
109 115
106 117
30 63
0 75
68 88
7 43
46 68
15 47
30 88
56 69
10 97
30 45
38 40
32 87
50 92
43 61
32 41
62 91
56 101
69 123
62 90
33 68
70 95
9 33
14 113
14 69
18 105
32 59
33 47
13 101
0 124
31 50
25 97
42 60
63 104
40 115
24 47
70 80
42 100
14 78
30 95
47 100
31 53
37 69
23 33
53 59
3 53
70 118
32 43
61 104
28 93
0 122
7 38
23 87
41 84
3 27
45 99
92 122
9 65
39 70
25 89
62 124
25 91
49 52
45 89
62 70
18 120
51 76
7 40
31 43
35 120
8 66
2 61
68 95
4 65
48 59
12 66
23 24
32 116
4 83
37 121
22 87
45 60
78 119
7 70
32 102
22 81
48 65
55 116
49 77
82 94
36 41
21 22
13 40
54 112
41 63
25 99
20 99
24 62
7 108
10 87
1 42
86 90
66 109
97 123
25 83
48 61
14 59
70 102
24 46
12 24
1 55
54 88
21 82
62 77
15 100
6 85
82 111
2 105
24 56
38 76
82 104
90 97
16 124
0 34
89 114
33 95
50 114
6 107
46 53
74 122
28 71
108 118
108 120
4 56
83 123
20 71
32 82
85 100
5 47
42 99
70 93
49 92
5 18
16 39
0 23
45 86
51 109
72 93
59 103
2 89
60 77
1 70
38 118
10 27
0 117
12 94
22 117
64 66
89 119
40 82
82 99
4 89
63 115
10 68
62 113
88 101
52 80
24 34
83 114
59 104
2 88
5 118
46 99
15 30
49 107
4 78
46 54
5 107
78 82
75 114
72 106
53 76
6 31
96 120
57 109
60 118
0 81
13 19
44 116
83 101
19 52
17 43
24 95
4 42
88 106
76 107
79 109
116 117
3 121
14 20
2 100
107 121
49 63
38 74
14 19
14 102
81 85
78 104
55 120
68 100
0 2
