1490277882047507627
125
771
degree
1
59 
4 7
14 64
96 98
5 11
13 15
36 105
46 48
11 32
59 82
9 94
10 105
44 95
61 103
64 96
24 99
47 75
29 40
53 98
64 88
43 122
24 88
9 104
101 124
14 68
51 115
4 113
42 105
53 89
106 116
100 107
27 101
50 100
76 119
18 83
56 113
83 100
63 102
58 112
44 72
11 46
35 102
9 75
13 84
16 63
41 84
8 17
16 54
8 41
105 106
13 40
63 122
50 57
65 115
13 101
4 37
85 112
35 103
90 94
82 108
61 106
59 66
10 93
50 124
106 113
10 90
17 116
18 123
21 65
18 21
4 45
88 105
5 76
71 107
61 86
112 120
26 47
25 94
1 56
69 89
58 61
4 22
58 77
53 95
55 95
92 93
49 107
102 108
69 81
52 86
48 53
38 70
20 107
70 109
94 118
24 110
69 80
6 19
108 111
62 89
22 39
104 114
31 41
3 108
37 74
8 121
2 52
0 122
21 70
29 33
34 79
19 121
28 60
67 97
74 117
73 121
30 93
79 93
85 97
78 99
23 93
28 35
45 91
12 103
19 87
13 28
25 87
40 81
15 108
59 80
22 52
48 113
57 115
81 83
9 117
39 64
48 56
4 118
78 97
7 61
34 88
47 124
63 117
48 58
27 90
9 21
94 107
12 18
80 120
96 97
76 117
85 100
89 102
28 42
7 94
80 117
31 98
12 27
82 116
101 118
63 96
76 79
83 87
9 59
13 42
17 121
13 71
28 106
22 116
36 76
53 116
56 121
17 58
63 85
70 102
93 119
57 71
5 74
6 90
20 61
66 72
70 95
90 92
33 58
42 93
5 15
32 64
84 90
107 109
4 60
56 93
33 80
25 36
9 80
103 113
66 116
73 94
4 74
74 112
20 113
35 93
15 26
67 76
15 91
116 121
22 60
21 105
69 112
106 122
26 90
76 92
76 84
38 74
24 117
44 114
71 110
25 49
72 100
2 79
28 115
11 37
56 112
29 48
79 124
25 41
1 81
30 75
84 119
65 102
5 90
48 111
11 118
23 100
76 96
12 84
38 63
34 77
79 123
20 25
46 72
14 34
78 98
50 96
102 107
61 79
42 123
59 85
60 66
47 61
81 112
77 96
4 49
10 124
4 114
56 119
22 75
30 42
28 46
52 97
11 47
40 44
9 17
33 115
64 102
0 86
10 123
58 66
7 93
59 88
75 102
18 116
10 117
15 59
10 14
26 89
3 57
93 121
20 29
53 103
32 74
3 88
24 71
41 68
4 80
96 117
6 78
6 59
48 107
44 104
53 104
59 77
43 106
22 78
64 104
50 118
19 100
67 113
75 98
19 84
92 121
3 13
11 29
43 67
45 108
27 114
8 73
8 23
34 69
22 47
10 71
53 122
39 96
57 73
72 114
59 107
52 72
60 71
67 83
13 56
21 28
18 42
6 81
27 88
46 75
48 121
19 48
69 117
14 124
11 43
80 106
28 38
57 61
27 85
49 62
24 75
16 18
91 123
47 50
33 100
44 107
63 92
45 109
55 59
57 122
32 57
57 109
14 52
25 32
116 117
59 122
88 103
4 101
44 77
8 61
12 53
35 82
92 115
1 64
18 119
53 69
15 22
18 118
1 67
57 59
22 49
46 58
13 122
42 55
14 90
14 54
87 95
29 106
43 105
29 54
12 71
55 118
14 15
115 124
36 117
56 105
98 103
91 113
72 98
4 15
45 95
90 106
43 104
42 76
12 77
21 123
22 34
27 82
34 41
62 124
35 57
64 86
39 40
57 68
13 99
106 114
52 73
33 84
60 81
22 24
112 118
54 76
25 59
17 59
6 29
45 78
33 52
5 49
38 53
83 124
54 89
36 43
53 91
9 111
30 100
4 120
70 75
88 112
23 65
38 52
2 105
53 111
13 112
27 122
66 98
40 113
5 32
48 85
51 91
7 107
4 77
19 65
75 92
62 79
43 112
38 112
76 112
65 89
33 38
42 52
37 116
59 91
6 99
8 75
101 117
15 76
43 59
37 86
59 70
78 87
66 86
32 107
6 75
38 60
5 111
22 62
52 92
20 118
20 26
93 117
47 59
30 52
67 81
71 94
58 102
68 85
62 105
17 60
83 97
35 63
5 78
39 92
47 82
32 34
79 87
45 101
46 88
55 119
0 26
95 100
39 47
71 89
4 79
1 100
88 121
34 74
33 67
72 83
89 120
27 104
17 30
90 111
48 72
33 82
52 59
108 113
78 115
44 53
119 121
10 44
5 10
88 96
32 41
29 64
27 108
9 65
18 122
95 106
49 116
26 30
87 121
10 21
95 97
16 92
10 11
8 123
75 115
86 97
49 101
20 81
21 48
30 31
19 32
46 66
38 88
79 109
16 38
47 118
32 51
6 112
44 47
62 111
38 86
35 90
20 86
18 19
7 101
5 81
17 43
45 117
5 53
1 24
65 98
46 50
24 61
18 23
9 97
25 78
52 96
36 96
9 103
35 122
81 84
5 67
73 100
52 62
103 121
30 115
25 101
2 85
11 50
12 13
29 93
18 36
13 44
46 80
35 46
51 71
2 62
65 110
71 124
48 82
14 89
9 37
70 93
44 102
14 46
42 108
59 76
25 40
26 124
18 49
39 71
11 36
31 93
56 83
71 102
110 112
51 57
49 93
63 100
8 63
20 85
72 124
73 122
36 119
3 29
100 103
14 31
63 81
42 115
15 75
23 84
55 58
34 82
67 84
25 91
115 121
45 120
51 86
12 17
10 57
55 91
50 92
8 22
8 76
15 23
45 74
46 69
34 124
34 122
4 103
12 50
71 118
9 101
46 56
79 116
80 111
40 58
40 73
28 71
51 122
91 96
45 68
35 118
65 106
6 72
34 104
80 90
46 59
35 40
44 105
55 83
87 94
32 78
34 89
1 15
35 50
36 122
5 70
17 24
13 63
11 122
18 62
63 83
66 108
34 46
16 99
7 58
34 83
68 115
33 117
59 84
57 113
74 105
46 89
52 65
45 60
103 120
43 111
62 95
10 65
71 75
16 59
39 86
56 76
47 109
31 85
3 16
87 107
23 39
60 117
20 123
63 87
3 40
6 54
35 55
17 75
10 35
6 41
1 77
19 20
61 104
31 37
31 35
82 101
12 79
2 67
8 91
13 85
16 102
25 26
34 120
70 96
49 76
2 33
8 118
68 103
35 76
82 96
36 113
11 61
18 22
22 107
25 111
65 73
17 107
110 114
0 66
1 80
48 115
30 45
6 123
86 96
84 88
22 76
12 48
42 107
53 106
35 41
49 92
45 99
46 92
5 56
25 34
82 99
1 97
14 62
5 66
20 111
50 89
77 118
16 120
73 112
79 107
15 79
68 99
99 105
86 90
17 31
33 124
81 101
95 121
40 108
7 33
75 76
23 58
10 97
22 32
7 16
62 85
97 100
3 56
73 124
78 81
1 70
87 111
47 97
69 91
34 105
50 88
91 107
1 12
113 119
79 122
73 80
62 91
27 68
37 62
6 105
9 26
22 119
48 51
21 103
28 34
83 119
5 114
22 84
57 69
22 91
23 109
48 104
45 57
43 60
67 117
52 82
0 10
102 118
91 105
11 39
49 80
12 95
7 79
78 94
12 26
33 91
53 108
75 109
87 108
49 55
7 69
45 121
60 61
49 105
38 105
14 120
43 99
66 82
42 79
27 54
82 86
0 80
40 121
52 113
46 79
46 93
91 106
51 77
30 91
27 41
1 115
76 100
60 84
39 73
73 83
97 107
15 18
73 104
20 99
105 120
66 120
68 110
11 92
40 75
100 117
1 46
17 67
29 110
60 99
90 97
41 65
61 81
62 72
95 98
79 84
7 72
