1490277881694903238
125
450
degree
1
5 
59 80
13 21
9 40
29 63
64 69
79 106
26 38
34 73
10 76
3 102
41 55
58 90
21 97
25 89
72 114
104 105
68 122
18 34
95 116
48 88
37 53
25 52
40 83
12 103
15 77
60 109
57 117
75 107
35 51
33 67
98 120
23 25
24 90
49 64
51 122
76 120
76 118
23 75
13 96
7 48
45 81
27 35
99 106
4 24
61 84
28 66
17 97
1 60
62 83
42 63
10 42
16 50
5 94
59 119
17 33
0 109
14 58
14 20
50 117
33 107
55 90
18 28
28 72
18 100
50 54
95 109
53 74
84 111
5 85
26 107
42 119
70 95
69 106
27 121
56 78
75 80
1 28
38 62
0 101
22 34
15 46
16 72
2 64
117 119
18 84
4 100
69 74
12 37
37 82
111 113
8 53
68 86
57 93
58 82
103 122
39 69
15 48
13 91
17 65
31 41
25 81
102 110
102 124
19 87
42 88
18 85
71 105
2 71
28 36
11 122
89 115
83 92
43 94
11 32
67 87
30 93
5 110
17 56
6 31
47 119
71 112
104 108
113 123
44 104
2 4
14 42
95 103
15 89
54 111
104 109
94 113
15 47
8 29
5 58
32 63
113 119
10 16
6 10
80 105
52 101
113 118
30 74
70 81
35 49
9 64
12 106
3 67
0 112
15 124
22 89
16 61
51 121
55 61
13 53
26 41
78 112
101 115
14 59
56 69
7 72
9 12
84 89
14 62
40 52
2 56
43 67
16 93
9 55
80 124
6 68
0 18
18 87
110 112
8 122
5 18
40 105
113 121
60 66
57 113
104 124
1 6
55 89
66 85
49 62
15 66
55 73
84 100
98 105
39 63
101 116
102 104
0 33
47 92
28 94
22 99
107 117
2 58
14 97
37 50
59 94
32 85
24 85
13 36
70 98
45 103
39 97
23 121
12 61
47 110
83 106
8 33
5 111
77 108
94 108
35 41
12 81
34 43
46 54
97 109
33 69
51 111
18 54
55 123
28 57
27 114
83 121
93 102
21 51
3 123
14 65
25 32
27 117
56 83
21 50
6 121
22 101
5 15
54 65
4 121
19 23
46 78
57 86
37 109
10 103
95 107
9 91
7 17
96 115
87 115
2 92
28 65
20 22
49 71
82 120
1 109
60 108
57 116
39 71
22 37
77 106
57 112
0 91
3 39
38 106
0 102
42 83
23 41
54 83
18 81
32 112
10 14
63 102
39 75
85 96
23 123
100 107
69 90
65 103
5 82
28 35
51 113
92 103
87 110
14 106
45 98
56 66
89 123
44 119
54 117
4 48
85 98
4 69
38 42
62 109
12 112
44 64
29 34
30 81
67 93
80 96
34 61
45 55
2 48
83 118
41 49
49 70
17 79
56 107
96 112
45 100
4 115
95 99
82 105
34 46
5 28
112 114
111 119
26 88
29 115
19 95
64 93
55 107
29 99
59 82
37 91
37 105
68 124
67 78
16 83
57 88
61 79
4 108
68 91
40 114
36 40
9 72
73 114
42 103
84 99
6 118
34 50
57 98
10 15
19 72
66 78
1 14
76 95
13 59
1 61
44 113
62 91
28 73
9 118
13 113
31 37
87 88
13 102
90 115
9 105
28 32
48 51
86 97
59 118
78 88
81 111
85 109
40 42
66 105
91 94
50 61
35 124
42 123
118 124
46 59
7 77
38 92
43 111
96 111
77 95
17 98
64 77
18 63
30 116
43 113
12 85
115 121
5 89
14 53
9 44
35 92
58 96
84 101
5 16
25 54
25 31
86 113
63 106
5 14
1 98
4 14
75 77
35 54
0 92
48 78
37 114
42 110
4 59
67 117
40 97
43 101
14 32
88 108
41 59
10 74
59 79
57 61
45 54
67 102
73 121
19 42
56 67
31 45
35 91
97 101
67 72
20 38
0 63
45 83
83 123
6 22
5 109
118 121
61 82
99 118
23 54
12 82
0 55
2 114
77 124
92 116
34 86
24 124
31 68
59 91
66 109
20 77
1 83
67 121
15 59
54 76
16 47
42 102
2 116
31 89
3 110
3 100
36 51
32 53
25 115
3 56
10 55
5 66
57 104
2 76
5 30
56 109
108 115
7 96
73 91
72 112
30 57
26 33
38 104
110 113
4 102
58 115
27 98
33 98
25 91
56 65
17 54
13 107
8 22
105 110
35 70
8 68
24 27
47 90
0 43
12 34
50 118
56 110
5 34
67 118
57 92
71 72
61 94
16 81
44 93
19 109
4 118
48 94
17 53
83 102
104 122
61 122
90 105
91 102
45 73
12 33
15 22
22 39
73 74
73 92
0 12
10 57
3 122
35 98
38 52
81 108
62 75
77 110
17 90
27 94
17 58
4 56
35 86
3 81
63 98
74 101
52 71
7 59
26 86
24 48
1 26
15 60
28 104
11 69
106 121
80 87
39 120
64 95
12 69
10 109
14 33
52 123
52 124
9 120
31 52
11 39
33 118
86 121
9 82
60 82
