1490277881978337498
125
614
degree
1
60 
61 101
2 23
27 81
105 123
15 20
18 55
4 94
6 91
9 110
18 24
58 91
0 72
54 91
20 114
18 74
38 72
24 89
5 121
32 43
43 56
8 28
0 33
41 67
37 75
71 83
93 115
19 53
95 99
4 78
9 48
14 65
109 122
41 89
81 110
36 74
9 38
1 49
83 113
25 83
78 90
79 107
24 104
44 56
55 112
95 110
111 122
80 83
20 113
4 104
10 116
3 98
21 59
39 97
3 23
22 87
103 114
90 123
4 43
84 119
76 104
27 94
6 63
53 80
26 27
64 74
40 107
77 84
12 116
60 105
71 85
10 22
46 88
34 79
73 95
3 20
58 114
16 58
79 102
71 105
1 113
3 92
83 116
110 120
5 29
102 109
49 93
76 100
22 42
74 117
33 75
10 28
20 79
50 60
2 14
12 82
5 60
97 112
49 51
68 100
9 62
84 110
18 118
7 35
20 88
27 66
13 31
1 30
70 85
11 79
66 69
59 111
32 86
106 121
32 101
13 29
8 45
7 74
17 119
47 63
108 115
52 104
51 96
57 115
98 124
25 89
47 93
26 30
27 101
18 97
115 117
44 95
50 104
7 47
92 95
54 105
56 80
78 111
26 66
52 87
24 60
10 117
25 58
40 89
5 93
61 108
73 87
52 75
4 96
19 107
10 111
100 104
32 106
80 105
11 43
2 16
27 59
38 85
57 106
49 117
60 75
62 70
40 64
55 92
63 123
100 113
26 122
0 43
37 45
46 72
21 79
53 58
63 81
67 117
86 107
59 115
27 56
53 100
70 86
7 62
65 67
10 35
1 105
19 86
73 97
1 114
100 106
93 105
65 90
92 111
4 42
6 27
72 98
55 68
80 116
4 45
1 56
32 104
68 111
43 120
20 118
94 110
89 106
6 20
17 118
82 115
24 42
12 25
56 99
22 49
15 111
67 123
5 45
62 107
51 54
46 99
60 87
4 120
44 121
23 56
32 114
25 69
102 107
2 74
79 84
15 78
59 92
91 105
49 60
26 39
4 83
103 108
55 79
24 43
8 23
109 123
16 17
11 63
4 73
16 96
8 52
35 64
81 104
61 78
66 112
82 100
59 63
7 66
18 33
10 91
39 116
39 100
5 25
20 38
75 100
15 73
15 44
3 100
16 18
64 69
102 122
12 55
6 66
18 106
17 21
95 117
49 64
49 119
87 95
71 103
91 116
23 30
40 109
52 114
76 90
82 118
3 81
91 94
47 65
89 107
96 105
0 67
49 118
90 96
25 113
74 93
12 101
37 53
62 80
46 92
95 120
1 91
60 101
33 114
6 58
12 84
11 99
3 32
9 24
15 31
56 90
31 73
6 13
52 58
63 84
14 60
16 20
7 15
79 123
23 86
77 86
43 109
14 24
63 79
78 120
37 114
69 123
67 73
9 19
57 80
14 70
53 89
35 46
12 78
57 58
3 116
82 119
2 105
85 118
10 64
48 82
62 91
6 7
75 102
75 86
7 107
33 81
3 85
14 115
45 78
27 102
90 124
53 115
47 91
37 99
75 96
16 83
9 78
22 46
8 13
2 66
32 84
1 28
14 74
100 116
5 111
59 69
87 111
24 91
63 64
4 72
39 92
28 48
28 85
11 94
82 113
1 17
17 49
20 69
68 91
23 79
9 107
37 103
57 87
8 69
21 27
1 51
27 40
19 120
43 57
40 102
47 71
14 93
34 37
3 95
31 97
34 117
60 115
24 95
8 55
26 87
0 107
26 107
51 66
24 59
99 111
88 111
28 114
6 23
46 79
11 20
31 40
49 124
99 114
27 119
34 109
0 75
80 119
36 87
107 111
94 124
58 115
33 36
108 113
30 123
77 101
85 123
11 78
111 118
102 119
25 44
55 73
10 119
12 95
31 115
73 120
36 95
70 92
80 86
44 122
30 39
104 114
77 87
43 55
48 71
19 100
12 59
47 100
5 49
86 123
67 112
27 30
16 102
27 60
4 93
30 124
1 90
5 59
0 2
54 88
35 45
35 104
74 122
60 93
69 72
44 71
7 26
39 109
55 100
22 113
73 113
85 90
30 93
77 114
43 116
62 69
83 89
43 71
14 35
9 113
35 86
41 59
11 76
69 74
90 105
9 64
30 109
2 124
43 111
2 49
66 77
50 63
16 29
55 122
72 76
38 105
101 105
94 105
0 31
7 122
24 82
13 34
42 122
36 101
109 116
82 86
8 110
13 42
31 110
103 119
51 56
35 60
90 111
54 103
60 65
45 85
5 103
25 102
51 124
44 64
20 122
99 105
80 114
10 71
85 121
102 104
17 58
83 122
7 49
37 61
37 83
23 25
88 89
5 8
72 91
36 120
9 112
22 111
35 66
5 28
7 112
39 79
53 69
14 19
74 97
7 123
35 106
18 21
40 53
22 112
24 84
15 70
1 10
66 70
39 71
44 61
11 90
79 83
99 115
21 94
40 42
81 120
26 120
66 118
56 83
78 89
53 87
9 11
92 99
102 103
12 48
45 53
61 82
67 116
59 93
13 68
2 38
24 72
71 90
34 44
0 71
120 122
41 91
20 29
69 94
84 87
42 91
50 52
64 88
58 94
1 70
42 85
46 118
29 100
27 52
9 108
75 123
79 105
21 81
45 50
76 97
21 102
67 113
7 68
16 118
44 94
10 106
68 119
25 116
6 124
20 112
28 46
12 123
35 92
59 105
13 51
14 26
19 46
94 108
21 124
5 44
56 104
19 67
1 74
22 64
52 91
82 117
29 57
49 79
39 61
26 46
16 60
24 100
54 93
35 70
83 95
12 41
83 111
62 66
55 107
23 50
67 95
32 96
14 88
102 120
94 123
36 61
33 68
88 116
92 121
22 69
60 95
54 96
39 122
93 114
42 113
13 56
13 95
49 86
48 90
61 97
45 49
75 92
19 111
103 120
37 55
41 88
63 121
52 65
29 60
9 59
74 80
11 101
86 116
51 64
59 67
59 70
49 59
3 66
30 116
74 105
98 108
54 66
24 94
8 78
60 100
15 23
60 117
45 117
33 123
6 100
32 121
34 123
7 81
91 101
25 61
8 29
60 83
75 79
33 106
13 73
83 102
98 105
79 98
40 94
58 68
