1490277882118626639
125
771
degree
1
19 
54 69
25 44
75 103
69 122
12 72
7 87
108 123
24 73
44 57
78 97
52 69
28 61
1 7
5 28
82 85
83 116
12 15
21 112
36 77
84 111
8 83
105 119
13 18
33 79
4 53
61 100
17 112
80 85
90 105
104 117
16 17
26 116
41 111
51 57
6 64
57 121
8 98
76 103
56 97
43 62
9 19
3 58
40 47
32 106
10 25
82 89
45 88
121 124
68 91
70 98
2 73
2 37
45 95
42 98
35 66
49 53
6 62
52 96
117 121
6 93
89 106
81 88
15 28
47 120
14 19
7 88
104 106
4 20
19 94
33 99
15 107
64 88
27 97
13 81
44 99
18 71
73 83
87 115
73 79
39 73
1 112
27 111
68 80
74 90
9 59
26 77
45 100
38 94
5 105
49 69
109 122
83 113
96 120
88 89
58 77
2 92
59 98
16 63
6 56
21 118
12 23
47 102
83 120
0 76
29 57
81 110
34 84
91 108
48 80
65 72
30 41
67 69
103 112
3 60
101 106
29 46
50 85
11 22
6 114
55 112
35 58
31 51
3 11
86 109
20 53
45 103
19 65
53 76
0 83
85 88
88 110
33 120
9 93
35 100
23 73
28 33
31 40
32 120
22 117
29 97
85 110
25 48
31 110
45 115
74 77
16 51
14 20
23 48
57 64
44 70
14 94
51 72
28 31
22 88
10 81
45 75
12 20
10 91
25 110
59 86
68 110
47 101
90 100
38 46
2 81
42 46
3 95
34 101
15 95
10 103
35 70
61 65
70 88
41 82
75 90
20 66
2 77
107 123
71 107
92 96
81 82
36 68
36 101
7 102
51 86
70 79
52 117
63 100
93 94
73 105
39 123
13 90
64 81
70 93
3 86
28 124
53 109
64 102
40 88
7 62
2 87
77 88
21 109
20 57
37 57
19 25
59 112
19 69
42 91
59 83
64 112
43 108
9 105
14 107
73 89
59 71
12 46
69 103
66 92
90 99
4 78
18 33
33 122
70 83
48 99
26 46
35 96
17 97
31 48
27 63
70 118
47 103
81 86
58 69
0 55
31 49
80 120
78 116
69 123
17 111
15 96
16 35
26 44
17 73
20 118
21 35
23 64
9 15
17 79
73 120
5 38
13 100
64 124
64 99
5 17
102 118
72 91
23 66
23 90
17 26
0 103
91 93
31 121
34 94
4 70
0 81
3 112
35 43
20 81
22 58
59 82
77 81
35 75
46 69
74 96
74 79
44 59
21 100
37 92
12 100
95 98
6 61
13 111
14 64
46 57
23 37
16 38
58 64
59 104
40 91
85 123
69 110
45 108
11 52
57 93
46 59
69 96
52 67
33 114
77 99
30 103
92 101
73 94
58 115
62 98
17 105
6 94
4 88
5 70
8 48
59 95
46 96
66 106
29 89
66 101
53 107
60 89
59 79
24 25
79 101
6 70
8 124
38 41
45 84
48 102
30 98
30 95
25 52
29 39
25 97
71 92
32 67
61 123
18 67
23 87
15 111
62 105
1 97
64 98
49 76
5 100
86 112
51 109
5 72
106 115
80 122
120 122
12 45
1 5
31 46
81 91
30 44
104 108
86 122
79 103
4 71
24 79
33 113
81 99
19 102
75 124
66 114
79 124
48 74
1 58
32 102
66 119
72 112
28 73
20 90
88 91
1 96
93 123
19 93
82 119
4 61
90 102
2 104
8 100
20 61
8 104
25 119
98 105
13 117
19 107
5 20
30 45
49 86
3 98
33 59
1 84
11 19
6 54
8 71
41 114
7 96
101 114
55 73
39 65
22 41
19 117
62 79
10 52
99 111
24 60
54 73
73 115
37 48
68 104
58 112
45 51
51 74
8 60
97 108
5 13
113 124
97 103
83 103
59 114
89 98
49 105
62 67
47 71
24 102
19 32
3 29
25 68
10 15
53 65
29 116
23 123
18 37
20 43
50 71
0 32
108 117
20 94
50 80
38 104
57 89
76 104
44 76
27 39
50 63
51 80
15 40
26 35
84 113
9 98
81 105
11 61
43 77
27 118
33 49
29 40
25 101
0 5
27 116
15 49
69 83
86 114
20 67
85 118
63 84
18 49
74 87
33 95
86 105
70 105
48 87
92 102
26 115
22 82
39 76
82 84
42 119
40 56
51 82
30 93
22 30
35 78
4 119
101 110
55 60
66 116
7 9
56 68
6 115
4 18
55 100
53 61
31 32
24 28
32 121
6 37
49 78
24 39
76 100
18 91
26 97
31 90
5 106
43 64
4 5
23 52
44 93
60 70
49 87
65 105
9 55
8 89
20 111
92 104
38 95
39 83
53 106
96 116
17 67
18 92
16 92
55 64
24 81
52 99
91 95
47 74
44 75
50 83
52 58
63 80
1 124
86 89
23 63
59 72
22 24
34 91
27 104
47 81
79 109
28 48
105 121
8 119
34 49
3 118
62 94
86 104
11 32
38 112
37 47
60 102
65 116
35 89
65 82
48 63
50 114
51 70
4 11
9 60
19 79
18 100
98 117
87 104
24 59
11 41
6 63
19 39
59 76
2 78
72 118
37 96
83 115
1 113
15 58
41 108
90 122
14 122
47 89
24 66
58 109
6 44
13 58
30 33
57 73
40 106
34 51
28 104
46 101
57 59
108 112
52 120
104 123
2 27
86 107
75 79
39 121
100 101
25 121
1 107
98 113
15 45
36 97
55 111
108 124
30 90
122 124
66 72
61 109
7 32
22 118
32 57
68 103
84 114
45 66
64 96
54 116
5 73
1 30
8 19
40 69
50 97
103 122
16 122
11 36
55 96
5 124
78 100
0 72
52 56
18 66
74 91
90 92
13 95
55 80
82 88
105 112
73 111
56 57
76 91
23 53
32 56
21 94
29 113
19 120
27 71
32 77
6 81
67 74
10 51
97 101
101 108
45 93
76 115
33 121
3 71
66 86
35 81
23 76
16 32
20 113
97 109
94 107
66 75
60 101
26 67
40 79
37 90
12 54
49 91
77 80
80 106
57 119
10 42
49 102
43 76
35 122
74 116
10 41
63 119
74 106
15 118
70 86
67 77
4 28
75 80
4 90
1 33
44 109
6 103
9 76
108 114
18 78
108 116
91 112
48 105
13 28
110 115
17 74
63 78
43 55
15 88
91 99
4 35
6 23
87 105
79 99
9 78
48 58
30 58
0 115
83 117
112 124
71 102
93 102
78 101
48 107
1 24
76 82
85 87
36 43
61 101
44 104
29 86
4 120
28 52
72 103
5 109
57 94
6 79
48 62
40 118
8 105
35 39
58 103
36 120
19 23
1 22
26 45
33 42
20 25
0 78
33 73
2 4
76 117
66 102
51 97
13 106
22 71
103 124
90 93
76 97
51 76
79 114
40 75
0 98
34 82
100 109
33 44
82 120
36 55
72 113
16 68
87 116
56 99
19 87
65 121
30 55
37 82
30 120
38 75
37 124
114 121
2 82
19 56
22 48
87 90
0 48
53 108
91 104
15 32
13 94
53 110
25 72
83 102
6 19
54 98
109 110
85 101
1 105
25 41
34 75
63 86
8 62
3 30
29 48
22 101
13 107
58 72
12 124
63 102
36 86
55 124
2 71
62 85
34 66
2 63
14 54
9 51
9 95
43 65
53 60
51 60
53 105
63 115
3 27
71 95
23 71
29 66
3 110
88 108
80 117
3 51
23 111
61 76
50 92
34 74
3 22
21 48
36 69
34 104
30 83
17 104
23 47
108 109
21 43
115 119
2 62
54 56
39 114
25 85
60 79
81 107
49 114
71 112
68 94
111 119
38 80
74 114
100 112
93 96
72 109
21 71
116 122
1 94
