1490277882279901429
150
561
degree
1
108 
6 66
49 87
16 116
9 25
85 93
36 57
22 63
13 97
0 103
99 133
20 100
94 149
7 140
42 68
11 87
115 118
34 53
98 143
54 83
79 148
102 113
20 117
27 99
50 128
10 65
27 30
8 129
29 124
22 50
19 148
56 96
100 142
55 98
63 94
55 141
37 87
96 113
72 116
5 38
71 81
23 126
64 144
78 123
28 55
113 127
12 32
72 83
122 130
35 84
19 33
9 37
31 100
54 107
22 112
8 135
47 120
21 89
63 111
4 127
14 43
63 146
34 50
28 118
24 134
38 119
38 95
9 59
103 106
50 62
4 99
9 68
36 110
33 46
129 144
61 107
37 45
2 4
5 113
117 146
1 48
30 111
4 54
92 110
66 143
7 92
59 124
50 101
64 111
44 87
60 100
21 114
16 19
121 145
20 114
24 58
54 98
131 141
51 82
16 57
115 147
47 85
5 105
76 98
31 58
80 91
15 94
65 125
46 81
13 122
118 122
17 70
131 139
39 77
57 124
33 52
0 71
3 112
26 42
47 75
38 93
43 62
67 119
28 41
56 86
92 108
1 38
91 115
126 143
10 52
80 104
123 128
18 70
77 115
32 140
132 148
7 84
88 136
56 73
63 70
69 78
121 133
38 82
88 110
38 109
12 137
87 90
40 117
11 74
128 138
73 145
74 83
20 84
1 102
68 69
121 130
25 96
76 97
56 114
8 102
67 137
107 141
46 55
3 63
27 33
62 136
32 44
119 139
22 119
110 143
8 128
22 105
110 140
18 57
107 136
115 132
101 145
47 50
37 113
18 31
40 53
27 36
74 143
3 103
7 104
7 124
65 131
2 25
61 106
1 124
95 120
61 133
26 86
43 71
23 53
8 103
58 98
42 54
81 105
2 95
134 143
44 141
104 130
19 63
20 55
0 56
28 117
31 147
78 122
131 149
14 117
6 16
90 99
77 147
24 32
26 113
15 115
5 102
46 132
18 26
121 148
0 35
79 89
93 136
30 107
11 94
40 66
56 118
5 108
22 120
24 25
72 114
9 135
0 39
28 136
21 145
50 104
78 147
123 131
76 137
105 129
111 125
103 109
74 144
9 42
25 138
48 148
4 123
102 107
63 134
39 63
104 143
20 127
28 42
25 64
0 23
4 108
123 148
66 91
59 136
38 106
73 118
27 132
53 88
120 131
18 145
68 93
35 72
103 128
71 124
41 63
90 126
78 107
24 67
26 103
15 134
70 124
125 149
104 142
1 84
49 83
8 29
101 112
63 142
89 103
14 24
8 22
86 123
80 83
52 137
29 112
32 143
23 44
7 55
6 13
17 34
94 111
33 135
0 92
12 76
80 144
7 144
16 39
33 119
71 146
134 141
14 121
26 145
118 134
65 72
0 127
18 109
45 112
70 135
76 132
2 21
105 110
5 50
40 122
52 101
27 117
40 144
49 75
66 83
6 94
28 140
93 134
66 88
91 134
14 62
119 142
34 72
37 82
120 144
35 86
97 106
5 48
48 53
14 108
96 144
38 147
21 70
18 79
30 103
34 56
44 145
85 91
32 42
114 141
82 86
60 87
58 84
21 63
1 72
25 35
10 46
92 129
60 92
70 71
35 45
58 105
18 55
83 99
10 53
20 59
78 137
36 89
24 139
52 55
28 95
133 142
104 123
14 36
23 117
59 118
23 28
49 96
21 127
35 91
89 95
34 52
39 112
73 127
106 142
50 142
6 120
18 51
89 133
57 76
26 129
78 108
24 145
33 132
6 61
44 130
103 143
57 67
50 69
102 108
85 111
18 39
33 79
41 137
78 127
26 73
9 21
15 31
73 124
9 126
127 142
21 106
2 119
80 110
71 91
11 44
41 136
21 41
46 85
12 16
18 142
17 109
1 141
49 73
42 104
106 143
64 116
83 96
46 56
6 101
128 149
36 62
10 39
1 148
85 141
46 67
37 70
79 141
12 95
85 114
21 90
106 148
51 99
40 105
9 121
65 136
110 118
113 118
39 97
2 8
7 81
53 72
29 102
71 127
51 100
82 144
9 101
71 87
67 110
7 40
62 66
92 116
20 43
31 85
13 59
58 129
71 149
4 118
11 133
8 108
32 74
107 119
34 90
30 100
74 106
4 139
45 61
11 70
52 144
72 143
30 69
26 131
88 96
68 82
53 146
4 68
122 136
146 147
4 101
87 110
52 56
74 111
80 149
31 53
41 122
75 115
16 125
9 94
59 101
66 111
10 70
19 123
106 131
108 118
35 68
32 38
112 114
112 134
74 141
1 128
70 100
9 89
44 103
20 140
26 60
82 108
113 134
16 68
53 95
59 61
2 71
6 17
56 112
61 93
14 44
32 37
61 109
67 94
105 136
4 128
44 46
47 62
98 107
28 91
36 60
57 108
86 128
43 52
19 59
141 145
67 148
7 93
16 118
35 83
19 22
9 52
14 47
50 121
27 60
38 55
14 71
108 119
95 119
70 85
72 110
1 8
3 115
40 106
93 147
1 3
40 112
56 103
5 144
21 101
41 124
52 149
25 67
50 86
20 89
14 32
46 134
128 145
78 106
57 65
76 147
38 148
24 112
53 134
111 149
60 84
15 133
10 130
18 40
2 43
60 95
36 76
25 110
65 95
11 37
96 148
32 115
40 97
6 53
23 76
31 81
6 146
3 23
21 81
52 127
50 134
79 96
53 66
62 84
35 107
23 108
41 97
6 142
20 86
7 27
30 78
85 140
46 89
85 113
28 139
51 107
102 104
12 66
55 110
26 98
12 135
37 101
125 135
14 96
34 128
37 146
4 69
83 141
119 124
34 39
17 68
24 108
84 140
8 27
54 147
109 141
29 113
49 140
37 89
45 115
70 117
58 123
2 109
34 88
84 128
76 143
51 134
108 137
2 148
19 100
114 126
6 10
20 41
91 107
45 125
65 117
64 68
12 94
31 87
110 147
46 144
43 124
4 91
73 116
97 114
13 138
62 119
23 32
41 111
59 65
108 148
52 115
57 73
14 82
86 146
18 99
10 102
9 118
25 73
10 31
7 91
78 111
55 60
3 45
22 41
60 148
4 81
9 131
60 64
43 136
