1490277882744869209
150
744
degree
1
6 
71 79
32 113
9 129
65 98
59 114
23 59
13 113
14 25
48 53
99 142
59 103
47 104
1 24
60 63
35 69
44 76
11 148
71 73
86 135
2 73
93 121
55 94
78 99
29 79
54 103
32 124
27 122
36 111
67 148
53 143
40 113
4 28
6 44
3 44
56 98
4 71
20 73
113 122
12 62
38 53
98 137
20 78
53 78
50 96
33 47
13 135
87 94
74 109
6 97
10 63
99 113
65 132
83 133
9 10
59 94
29 147
0 121
35 75
30 60
66 123
48 96
68 96
8 134
31 50
12 122
62 74
86 131
100 112
9 143
29 106
91 103
67 121
76 100
85 121
2 85
47 77
69 132
47 83
42 63
54 64
62 102
82 83
43 104
6 121
1 19
14 57
83 110
21 118
33 75
133 146
19 87
41 144
87 145
130 140
9 110
42 55
26 38
6 66
46 76
16 92
2 80
18 119
8 109
89 97
108 138
72 114
54 107
21 107
21 58
31 92
35 90
12 49
28 115
18 111
17 25
81 100
30 125
6 17
36 95
12 127
18 114
76 141
113 116
10 139
52 73
7 77
34 144
88 141
42 138
61 115
3 84
1 140
109 117
15 91
105 110
144 146
51 69
39 129
37 134
25 45
88 120
22 23
5 38
61 101
123 149
30 128
43 136
49 70
116 126
24 77
13 30
37 51
37 148
6 7
34 71
78 93
7 78
99 131
42 106
26 123
17 91
143 149
35 72
131 143
26 79
28 101
36 83
6 105
29 94
12 101
0 87
19 138
81 82
78 127
34 108
109 136
40 41
40 133
7 90
56 134
92 138
81 91
22 48
32 72
55 59
71 144
32 102
40 142
52 141
21 88
51 88
11 82
115 145
76 133
133 147
22 77
42 59
64 72
27 65
92 148
9 120
31 33
5 46
9 78
24 35
24 27
46 77
73 103
92 130
76 125
67 123
33 93
28 112
14 123
69 97
2 21
38 73
11 93
78 90
107 126
28 93
12 77
94 132
132 140
30 148
101 130
4 11
33 120
58 93
114 137
101 148
20 28
17 45
118 137
39 134
21 122
5 55
80 106
66 105
38 109
100 134
39 63
66 83
42 131
20 133
69 145
29 111
54 83
121 127
4 138
24 110
30 93
17 117
7 106
53 99
91 104
15 23
3 21
35 95
87 109
30 67
37 96
41 120
30 137
54 92
6 19
59 129
74 77
27 80
33 115
45 91
86 101
128 148
23 87
44 107
4 135
34 43
26 41
91 95
31 113
125 126
94 133
6 38
94 127
62 95
39 92
60 148
82 136
65 114
31 80
29 131
49 118
34 114
46 47
107 118
86 118
23 75
69 104
14 112
79 134
9 49
69 143
92 110
0 10
20 31
104 129
64 89
8 103
32 122
23 80
39 43
93 143
6 39
148 149
2 8
16 146
50 71
36 112
46 87
97 136
2 70
23 33
27 92
85 120
64 120
54 96
14 55
87 110
98 107
14 61
108 136
75 132
77 104
54 90
121 137
2 35
14 36
128 130
37 80
25 58
11 58
3 105
18 97
25 110
65 125
23 34
21 109
21 51
60 121
31 109
89 95
82 139
66 96
81 131
27 106
41 43
39 122
24 32
75 118
76 114
86 88
61 102
118 130
36 89
63 105
31 81
6 78
103 147
26 75
63 70
35 73
100 117
39 98
45 80
67 130
11 120
9 81
66 109
83 139
35 147
44 88
29 107
100 120
24 37
107 123
48 124
86 130
111 148
126 142
73 124
26 87
29 50
0 30
77 106
30 51
68 140
56 89
107 136
98 123
4 38
9 42
1 51
6 92
48 128
50 118
56 123
30 132
1 64
24 117
26 77
1 71
44 93
104 138
29 39
93 116
81 123
17 44
9 104
48 78
33 89
28 39
6 111
55 124
22 141
68 119
101 138
38 141
25 69
67 133
116 130
68 80
29 103
4 54
36 67
59 89
62 87
28 98
0 102
60 80
70 123
18 88
49 95
53 113
51 110
32 75
10 40
54 77
42 115
14 142
22 93
84 135
71 80
116 120
93 115
21 49
44 140
42 112
59 107
28 66
113 119
99 120
8 23
22 115
14 109
34 121
15 80
66 68
7 51
74 121
50 98
99 124
24 91
11 101
36 38
6 106
5 133
60 143
3 52
0 90
6 90
5 23
30 127
58 113
47 123
61 140
7 113
33 116
42 81
10 39
40 95
86 97
60 85
35 141
52 138
25 43
46 74
130 137
75 135
3 113
28 102
7 146
51 139
47 131
65 127
120 129
11 52
96 141
40 138
51 98
48 122
112 130
28 63
66 75
44 64
2 42
8 26
48 136
22 137
25 114
63 125
107 142
16 88
63 79
2 133
71 88
38 98
90 126
12 143
37 123
37 54
79 122
16 134
77 78
85 132
59 140
22 47
55 140
17 137
39 73
15 127
72 76
6 94
49 146
95 108
22 82
87 120
15 20
5 77
82 96
16 47
28 35
10 121
27 100
3 86
50 143
39 62
44 92
58 123
26 138
30 99
25 117
45 88
62 142
20 148
5 137
9 101
34 85
42 72
58 99
46 99
27 59
101 147
81 138
18 125
81 86
75 115
5 15
89 107
40 76
91 111
0 44
37 78
45 120
57 106
15 145
31 71
29 129
98 116
29 121
40 124
68 105
90 147
19 68
44 133
39 111
8 12
62 93
40 132
115 130
79 116
108 142
35 49
17 80
101 144
60 106
65 147
21 66
123 124
27 138
21 29
64 142
61 128
10 58
36 56
56 101
52 95
5 89
28 82
14 29
74 117
58 103
142 148
12 148
4 6
31 117
8 123
130 144
15 107
102 145
65 81
106 147
44 120
39 41
9 136
33 129
90 117
3 76
127 141
97 113
42 104
21 77
70 138
83 90
53 128
65 79
39 40
1 43
55 89
51 106
92 145
5 6
56 116
26 73
36 134
6 25
58 128
70 118
63 96
18 75
69 118
21 86
54 110
50 58
106 135
43 89
25 35
28 58
53 104
0 28
36 62
18 129
1 86
74 123
37 41
101 105
108 139
82 124
14 56
35 79
6 16
88 131
34 78
122 147
15 101
0 107
0 27
17 28
13 66
30 33
34 102
13 93
40 131
122 148
101 103
78 79
41 108
123 131
63 147
96 114
33 61
102 103
27 140
20 147
10 25
48 97
7 10
27 129
99 108
73 139
25 81
45 59
91 115
52 105
26 31
17 122
44 95
60 88
36 148
12 95
12 80
61 142
23 138
29 53
17 134
36 109
67 136
134 144
15 87
61 129
8 147
42 85
76 131
54 135
33 82
11 128
46 97
0 57
6 75
9 108
67 69
45 104
77 107
114 146
60 139
25 128
14 51
40 144
54 94
27 95
6 137
64 80
21 139
121 124
75 82
32 79
15 112
1 72
2 55
34 116
12 93
99 129
99 141
29 140
14 139
9 92
45 97
24 116
6 42
115 120
113 137
29 110
56 130
8 122
81 122
28 120
2 139
41 142
28 145
108 127
17 81
15 99
49 136
26 33
33 36
50 115
115 125
79 127
23 41
105 121
128 134
34 69
83 122
26 66
43 81
104 145
105 134
13 51
76 90
14 125
9 52
80 115
23 137
7 15
15 64
44 56
41 97
31 88
24 76
1 149
85 93
21 135
31 56
52 64
41 95
121 140
4 32
32 126
138 147
73 140
44 74
37 115
67 80
62 137
14 134
48 59
41 76
4 124
73 86
101 109
2 65
1 127
4 8
133 140
66 146
17 85
37 94
42 141
87 134
95 116
68 146
8 58
69 78
18 65
104 122
33 128
9 97
57 69
64 94
32 128
23 148
1 21
6 56
27 74
61 81
84 97
6 136
39 42
56 72
14 34
