1490277882329551430
150
561
degree
1
20 
17 141
5 26
82 127
25 50
2 25
17 32
44 87
86 101
24 94
87 107
89 93
27 49
120 138
99 111
44 100
46 140
69 135
26 88
18 29
78 125
5 131
97 112
49 113
55 134
61 79
129 133
41 95
58 147
45 123
0 36
132 133
123 143
28 88
25 109
7 76
69 80
38 63
108 120
34 79
40 131
38 122
10 23
27 140
40 104
53 60
100 133
102 117
42 77
56 59
63 73
118 148
12 76
53 58
80 133
26 41
32 66
116 125
16 113
78 104
59 101
60 74
23 144
53 76
7 136
43 88
50 51
78 126
124 135
37 132
125 139
2 44
92 108
84 139
74 77
8 30
13 138
22 118
40 120
1 138
5 103
2 65
72 133
32 82
26 86
79 94
31 122
8 24
125 136
29 145
108 130
3 136
44 119
74 100
15 105
105 124
16 51
71 135
49 99
14 52
22 149
61 65
68 135
18 27
48 139
17 113
9 22
10 98
2 112
57 107
47 117
38 41
66 96
31 45
4 76
72 117
22 41
55 127
20 135
11 34
43 70
74 137
3 110
33 142
27 62
51 85
52 141
17 91
9 19
1 33
57 146
23 130
13 36
12 106
24 128
39 135
115 133
121 133
19 64
6 10
83 131
90 110
15 35
82 93
88 114
8 21
50 81
66 75
25 54
67 69
72 97
48 65
17 62
3 57
46 60
14 84
9 145
48 93
124 137
18 54
51 126
60 112
24 127
84 104
11 126
17 131
47 95
7 32
79 149
73 130
38 141
33 130
4 41
84 94
64 97
81 93
58 127
52 81
104 105
54 104
6 25
94 123
20 25
4 110
62 89
62 77
51 97
69 148
14 47
40 114
8 138
6 45
74 78
62 99
25 107
87 118
75 127
5 13
5 87
79 147
29 31
87 98
110 111
42 95
18 127
45 70
48 127
91 127
55 95
50 85
49 77
45 52
16 118
22 81
128 145
45 69
91 98
128 148
36 47
28 132
55 106
25 41
108 140
80 124
14 33
60 120
25 110
9 104
58 77
104 131
19 58
19 135
70 93
53 77
6 125
53 66
71 141
20 27
77 89
113 148
49 127
17 29
82 125
20 77
9 125
37 95
22 107
60 129
6 50
46 110
80 129
62 136
16 74
31 89
102 138
77 131
55 99
103 146
4 37
4 145
80 135
79 84
140 149
23 36
13 83
58 125
0 40
17 111
97 120
47 112
30 72
26 149
101 136
84 97
102 114
22 82
10 128
106 134
3 123
104 108
73 99
122 130
10 129
9 62
54 130
39 118
75 126
48 115
14 70
87 108
48 145
45 76
102 129
49 144
126 140
61 124
75 134
8 81
71 85
82 96
1 88
53 87
7 84
7 94
53 92
16 56
65 89
94 129
2 57
92 104
14 57
61 100
42 63
51 109
60 149
22 75
50 119
11 79
65 94
7 144
119 149
73 107
73 110
83 87
27 65
73 120
70 83
58 116
12 83
42 51
50 140
32 109
49 54
30 38
27 122
29 65
38 126
31 103
17 127
34 73
103 142
70 136
15 45
0 60
70 135
23 149
47 50
5 98
65 108
27 146
22 113
43 68
120 139
48 57
51 131
74 79
5 96
13 140
3 54
23 53
9 147
91 136
11 136
6 113
100 141
35 146
40 106
116 130
23 51
126 141
55 59
27 84
73 142
81 137
11 111
0 21
20 123
75 140
72 129
11 53
92 142
78 134
37 86
116 126
130 139
7 27
66 128
47 66
38 97
114 121
14 20
0 109
35 143
11 76
47 86
9 20
28 134
5 49
41 49
88 94
66 135
63 69
22 86
58 97
29 129
10 100
23 56
98 148
82 134
4 144
134 140
24 68
20 136
119 130
6 112
35 125
35 53
38 149
26 112
8 9
8 20
18 128
37 40
45 111
55 80
107 112
67 130
70 74
114 133
85 139
26 61
89 127
56 83
50 103
52 140
62 127
31 66
17 20
97 102
33 95
4 103
103 140
106 137
93 136
122 128
99 113
78 118
5 147
92 118
17 149
9 32
13 87
43 49
33 118
27 83
4 34
104 115
35 41
15 101
25 45
22 136
17 128
19 35
7 56
96 131
127 136
13 78
50 98
40 101
0 50
23 30
27 123
38 66
19 101
28 74
82 137
116 133
114 117
41 100
21 97
28 109
6 73
2 30
58 84
44 126
38 78
56 98
108 125
24 149
10 65
20 99
64 126
9 84
53 129
48 143
5 45
39 83
20 33
19 94
127 138
68 96
89 135
118 125
16 46
101 107
66 72
88 127
73 121
38 148
58 75
27 125
45 113
3 35
2 149
11 77
43 102
46 121
97 115
65 141
34 125
5 69
41 50
94 121
39 46
68 106
14 95
33 138
99 137
10 137
133 142
0 10
21 102
34 42
90 134
8 11
42 92
118 119
8 36
24 28
0 22
62 134
39 141
5 47
87 114
102 143
52 85
0 140
29 82
14 77
0 126
20 68
82 83
34 123
5 14
10 81
3 46
13 58
87 148
70 84
98 108
94 96
15 147
54 96
19 105
37 109
18 136
32 39
0 110
25 143
20 26
92 131
66 107
90 132
56 65
4 67
25 43
36 88
66 121
51 74
2 78
23 142
39 54
76 137
77 110
82 148
7 69
98 126
31 69
102 124
104 147
10 112
10 145
44 88
54 60
91 120
87 104
12 131
4 28
10 105
65 128
49 63
4 65
45 136
106 145
29 59
46 102
16 129
51 122
0 104
24 53
46 75
25 80
89 145
31 46
17 85
53 72
28 30
1 56
75 86
36 65
2 15
68 137
84 147
17 146
76 147
75 125
72 96
33 94
20 66
15 142
54 92
101 146
14 114
112 147
6 122
45 59
55 149
62 65
40 87
62 145
1 100
27 132
102 110
21 125
85 96
55 66
36 48
89 92
87 142
31 74
29 30
122 141
105 121
33 91
5 28
6 95
113 132
2 129
44 48
26 109
81 98
88 92
42 87
44 84
20 62
42 122
99 118
28 96
59 74
23 118
40 123
65 140
49 138
74 141
36 133
97 128
28 62
63 123
41 53
1 10
9 111
14 63
72 109
33 103
31 61
30 103
97 124
35 51
84 88
109 113
20 61
28 37
41 91
119 138
2 42
25 141
