1490277883026179925
150
930
degree
1
79 
40 127
91 139
28 144
32 34
50 133
49 141
0 97
44 92
16 66
54 149
43 84
2 145
17 134
72 74
17 119
121 137
50 56
51 83
1 46
102 133
48 61
83 121
23 124
20 37
140 141
16 119
60 65
30 70
36 142
0 118
14 60
45 73
9 67
62 93
64 114
46 106
28 137
8 95
121 125
23 83
59 116
56 106
91 138
7 37
4 56
17 138
3 102
24 92
51 99
58 67
107 147
15 107
32 62
45 100
48 70
132 147
37 110
22 24
65 129
105 137
3 9
2 59
78 117
48 127
76 107
115 136
118 131
26 88
68 148
57 128
23 85
41 149
22 96
14 122
9 14
69 108
28 80
110 149
56 148
86 118
54 99
23 39
107 108
39 132
35 121
142 149
23 32
36 53
111 135
38 98
51 55
92 125
13 35
85 138
51 117
8 106
18 45
3 140
46 143
30 84
21 137
52 108
91 102
72 130
114 124
73 103
38 72
57 63
5 33
33 106
48 57
103 127
73 147
23 131
6 88
42 45
59 131
65 123
35 75
12 94
19 146
101 102
79 99
25 110
99 120
69 130
115 142
71 81
46 77
72 88
109 133
90 131
81 121
29 88
8 113
77 82
12 34
112 148
83 146
4 111
10 145
11 55
27 143
31 123
55 89
51 104
9 126
47 106
87 128
25 128
70 141
3 113
45 67
18 67
96 110
38 85
55 143
85 136
29 100
26 53
8 76
25 43
2 117
56 79
106 132
100 129
129 146
115 134
30 123
14 133
136 142
15 92
0 46
13 138
68 113
71 127
49 65
34 68
11 79
79 87
72 90
66 148
65 90
41 123
65 117
53 63
74 140
66 101
63 70
15 82
52 90
20 38
82 85
4 68
4 113
26 47
49 58
53 148
43 97
4 20
49 61
16 25
70 133
17 47
61 135
38 51
84 138
48 66
1 134
27 57
15 118
7 39
44 100
29 139
64 75
68 131
75 85
64 96
24 40
36 128
7 122
65 107
21 47
131 145
117 148
26 127
31 141
97 111
37 138
79 148
38 42
67 98
95 111
74 110
29 45
14 43
0 91
16 33
77 149
99 130
10 61
26 38
67 90
70 128
8 53
16 146
49 100
52 54
29 81
30 55
19 98
21 35
13 111
114 120
98 106
113 133
14 139
32 99
3 63
23 49
50 131
47 88
2 43
12 20
42 54
98 140
21 50
14 29
46 108
13 97
40 138
53 146
60 125
79 108
55 129
24 93
34 78
14 145
119 147
34 62
68 118
76 144
79 139
14 69
8 99
69 70
25 65
10 119
81 125
107 120
100 118
12 16
59 117
23 44
24 146
103 118
36 90
51 69
16 114
95 112
127 134
45 142
57 107
66 105
12 104
58 115
34 67
41 70
1 87
68 140
81 87
47 72
9 83
105 110
86 97
12 27
132 136
65 145
90 112
95 102
57 61
90 102
27 92
42 56
95 101
47 80
43 112
66 146
23 35
31 55
45 72
79 96
33 86
58 93
0 61
60 141
130 141
42 77
21 129
58 110
46 110
50 88
2 47
97 142
23 125
142 145
48 73
11 108
37 57
2 92
8 25
0 8
68 94
87 136
48 80
54 71
55 99
43 49
31 97
8 111
40 48
2 66
6 27
59 100
50 138
0 74
14 127
3 36
61 142
38 68
19 115
8 28
41 85
31 146
87 123
82 115
25 106
136 137
26 82
79 135
40 104
110 117
95 104
59 137
26 61
101 112
97 101
44 122
85 95
5 137
63 80
35 118
77 84
132 138
0 47
0 104
13 128
11 138
11 60
56 81
53 62
49 140
79 107
54 66
88 110
141 143
27 86
14 74
104 136
11 17
44 48
104 118
8 140
26 74
16 124
95 97
23 118
4 106
63 89
79 86
41 120
44 81
13 60
123 136
2 30
88 108
40 129
72 127
46 75
41 82
32 66
44 137
77 117
7 132
9 73
77 96
96 128
2 73
10 79
61 122
63 85
81 124
29 97
53 136
129 130
21 53
79 144
69 95
97 135
99 114
66 72
67 144
45 60
2 79
38 101
62 78
9 86
91 95
50 69
10 71
47 149
57 80
117 149
116 135
14 115
78 102
4 114
53 121
19 142
49 77
13 77
103 129
40 69
41 112
79 118
20 57
38 140
36 148
7 133
44 54
17 123
124 144
79 97
56 82
59 119
110 115
16 53
119 148
36 87
21 103
1 144
30 124
79 147
8 85
69 96
109 110
57 133
66 111
78 135
85 146
51 113
90 106
49 119
39 42
3 92
12 69
4 120
96 125
84 97
47 114
4 79
47 109
57 65
15 120
40 58
45 141
21 140
19 114
54 57
64 115
7 47
43 134
5 60
79 142
99 107
7 12
46 139
31 89
60 136
18 81
29 96
2 97
14 45
30 68
60 107
55 82
53 125
64 124
22 102
101 103
78 122
17 108
51 61
123 129
93 126
46 107
130 146
9 143
2 40
138 140
24 145
25 42
77 115
25 119
106 142
55 68
60 126
126 135
111 123
78 113
103 135
56 96
122 133
18 73
58 148
84 100
27 116
54 141
38 124
82 90
54 143
3 93
24 124
119 130
6 67
8 88
114 127
46 76
17 80
98 117
79 112
24 129
17 125
71 113
21 58
15 35
53 85
20 87
37 49
89 129
43 101
22 131
45 86
127 140
145 148
106 149
10 94
48 141
37 44
41 59
53 97
47 68
3 58
6 20
46 47
26 120
12 75
85 87
89 112
15 131
74 84
14 76
75 83
0 44
13 18
98 145
29 57
52 136
49 57
44 79
84 143
2 51
2 36
39 58
80 135
7 46
14 79
99 132
84 144
22 73
8 26
38 80
63 77
3 136
52 115
24 119
49 95
88 124
50 115
42 119
57 105
23 70
37 127
53 124
22 32
79 92
0 80
102 136
35 85
11 24
1 53
108 147
11 81
60 67
9 19
46 73
11 45
33 66
57 76
63 110
25 52
72 79
58 124
36 69
74 85
80 82
41 90
73 86
80 107
36 83
71 82
40 139
39 61
73 136
38 135
23 38
120 121
127 137
31 33
63 133
92 122
80 119
103 123
27 103
46 97
1 4
48 143
13 23
18 68
35 49
31 52
107 115
51 147
72 145
44 112
38 90
100 125
11 96
119 120
61 109
33 138
73 139
5 58
90 122
134 147
35 96
21 65
51 106
69 72
61 93
71 74
12 14
7 36
72 110
76 128
4 45
113 120
72 98
0 100
59 146
128 142
22 106
126 144
27 132
22 89
65 66
71 122
77 107
50 113
40 123
11 70
17 100
62 124
22 94
47 135
74 118
39 60
20 147
0 40
52 67
27 78
27 48
79 121
44 57
144 149
17 39
48 55
0 42
25 117
60 71
20 100
76 146
75 144
33 54
23 80
55 76
0 22
54 82
22 72
90 146
17 68
31 90
86 115
79 133
27 80
27 145
62 118
4 108
23 59
111 131
93 123
20 63
24 45
1 38
5 114
49 74
1 89
85 129
78 132
41 100
36 86
88 100
29 141
41 142
69 103
3 29
17 48
40 121
82 95
25 86
64 145
59 127
42 130
10 75
3 79
48 103
80 115
35 108
17 120
22 44
36 105
36 58
12 59
105 120
107 110
4 99
27 40
47 64
48 99
81 138
93 97
23 120
18 105
69 78
5 94
10 131
28 47
50 108
31 71
7 34
41 106
66 107
110 148
67 97
76 94
5 22
39 128
45 70
31 56
126 147
55 57
116 126
11 144
26 79
16 35
65 97
124 148
71 143
19 95
124 136
44 130
0 58
45 92
106 118
65 136
84 85
61 134
3 45
27 140
131 149
4 53
23 113
111 119
31 82
25 91
26 81
88 94
87 122
92 103
30 76
11 50
25 73
19 108
80 91
17 66
118 139
89 103
4 78
70 138
64 76
88 125
67 73
67 117
56 126
18 124
36 65
52 61
81 130
48 53
84 102
62 110
4 117
56 70
124 130
25 92
12 46
61 111
22 86
45 139
79 111
120 133
16 59
45 136
38 118
41 140
104 140
39 49
18 103
46 84
23 51
71 145
63 67
66 73
115 139
46 121
68 112
56 113
9 56
109 131
117 121
3 143
52 55
30 99
33 142
28 91
73 137
59 90
87 107
77 78
59 64
66 139
18 147
52 138
45 82
95 142
77 135
34 96
76 133
47 128
32 134
27 136
145 146
12 132
35 40
104 135
89 97
87 118
54 103
22 75
13 102
96 131
110 119
18 125
67 76
75 133
79 127
8 120
10 82
17 46
57 92
50 144
13 80
9 112
19 126
0 60
125 128
88 90
35 136
24 128
125 133
67 87
83 122
62 140
76 131
50 99
41 64
41 69
10 12
41 128
35 77
111 133
99 124
70 82
1 107
8 97
95 128
2 68
17 111
38 116
44 66
95 109
34 140
126 132
1 135
16 80
1 24
56 102
119 131
19 77
41 61
116 133
16 26
92 130
5 49
99 115
78 109
11 25
2 56
42 82
34 127
5 92
6 73
65 135
82 145
25 89
82 118
16 28
79 94
25 60
76 79
105 128
80 122
42 129
47 104
124 141
91 147
