1490277882718557133
150
744
degree
1
103 
17 77
20 108
50 93
41 127
22 103
24 74
25 39
103 145
10 109
57 76
23 114
77 82
99 112
17 112
66 132
54 106
18 105
22 120
53 100
31 40
7 119
40 123
49 70
4 144
83 113
103 109
16 132
126 144
53 72
10 116
0 72
26 123
31 56
4 59
46 100
0 55
100 112
105 116
56 85
103 110
47 73
4 21
42 54
72 137
47 148
37 95
4 100
73 78
62 95
74 87
11 119
25 118
70 134
24 108
72 84
112 148
24 103
21 23
70 120
106 147
18 106
93 113
30 121
95 129
53 58
9 86
111 117
26 132
73 90
23 37
53 149
53 127
29 78
76 91
137 147
60 91
69 80
80 110
6 45
25 79
14 44
125 149
58 89
13 75
65 88
63 97
110 119
112 136
63 76
86 149
34 113
84 85
97 128
61 140
47 143
6 139
32 84
68 132
43 138
38 101
88 133
51 66
94 140
65 84
48 112
45 128
56 97
1 17
79 131
117 147
76 130
44 98
27 40
121 147
25 82
19 64
47 64
13 119
34 68
2 122
14 121
104 120
24 102
8 111
139 142
61 110
43 137
84 146
1 35
70 124
37 141
6 101
52 131
15 83
12 34
36 143
28 80
81 129
21 135
107 109
3 121
67 127
96 103
71 116
115 117
92 131
33 145
2 69
5 58
24 73
49 57
17 110
15 115
46 76
14 103
50 131
55 139
0 16
35 95
5 64
5 92
68 123
25 58
104 129
58 81
35 143
22 119
29 132
2 119
118 143
103 129
76 84
82 97
104 130
20 78
95 144
23 39
56 61
73 140
44 79
4 89
82 84
26 103
58 80
16 91
23 147
92 109
5 36
13 70
39 121
52 91
62 129
18 125
0 74
71 125
28 71
81 122
5 69
27 95
120 149
74 82
46 125
21 32
15 144
111 124
29 52
32 134
39 103
44 73
97 143
129 142
128 135
9 77
73 135
95 122
19 31
59 88
117 124
51 101
124 136
7 107
21 42
75 121
24 89
63 108
33 97
3 23
47 104
8 135
92 114
37 126
8 59
52 79
9 98
65 73
29 47
84 125
3 81
8 69
35 45
65 80
10 98
99 118
129 138
24 81
20 83
5 6
83 136
97 142
21 62
57 64
5 17
54 87
99 122
56 133
114 116
38 95
55 125
64 68
38 41
66 93
5 133
68 85
11 135
16 95
97 104
8 107
63 80
3 84
113 149
58 136
10 144
108 149
34 103
55 107
15 68
60 149
46 78
42 108
5 121
51 118
60 116
21 131
9 16
27 129
111 128
48 130
36 101
63 105
0 139
52 126
40 104
51 102
40 127
12 47
46 106
82 119
10 95
12 149
58 140
59 126
38 60
15 105
0 52
34 35
18 63
49 125
101 146
41 42
23 24
82 133
2 14
14 96
26 71
61 88
66 140
63 103
22 85
78 89
52 93
28 107
57 109
24 27
19 47
47 102
34 104
19 109
87 92
78 132
7 29
27 137
83 144
62 146
134 143
10 72
65 137
64 91
56 75
39 84
8 15
10 21
55 79
17 122
73 74
1 143
29 131
119 133
95 138
69 108
1 132
69 99
6 43
27 124
65 82
8 9
99 142
55 82
124 128
14 88
47 53
75 146
42 56
79 132
69 107
52 104
37 104
0 131
21 149
21 127
6 50
44 81
94 139
66 129
93 137
85 140
40 92
54 83
47 136
2 102
24 29
40 73
57 82
31 112
66 68
68 105
91 130
73 91
97 134
91 119
78 118
18 103
16 131
46 116
22 42
55 122
5 112
0 129
54 78
15 91
90 141
25 123
67 100
18 25
17 149
4 145
8 71
70 147
12 138
69 81
142 145
31 140
43 62
127 129
69 117
2 74
20 56
64 149
1 12
53 140
32 65
32 91
20 69
0 86
51 114
62 96
16 28
79 102
16 22
57 60
1 8
65 113
9 19
18 108
37 110
48 55
4 125
42 126
11 60
29 103
97 130
6 52
31 134
58 79
23 26
8 85
28 74
19 86
113 125
35 119
1 72
9 17
32 98
29 32
113 131
30 49
32 103
92 105
26 69
25 73
32 37
63 81
15 93
4 83
56 132
15 37
11 120
38 43
7 49
103 134
48 100
8 116
89 119
7 138
35 40
5 71
14 84
74 108
18 88
7 71
27 143
48 62
26 56
129 149
2 26
45 81
11 148
43 145
51 100
41 132
32 105
23 96
122 136
9 137
30 108
78 142
31 136
28 53
8 100
32 119
44 86
18 59
111 125
138 144
72 117
15 142
7 102
36 121
12 100
8 147
68 134
17 103
69 130
4 32
44 56
118 123
106 127
2 57
26 94
124 133
5 60
10 44
11 42
88 97
91 106
21 99
60 141
56 126
24 92
33 78
80 113
35 127
137 149
4 120
15 79
63 141
23 136
86 115
84 113
49 92
29 92
58 118
44 128
71 129
39 133
92 116
59 67
119 144
41 46
7 43
73 117
31 119
42 147
11 96
14 89
108 130
33 115
6 122
45 50
38 139
19 24
11 70
70 148
10 56
20 145
29 108
77 145
27 38
51 111
4 69
46 71
64 84
98 130
113 119
34 116
73 87
59 102
43 121
56 128
43 45
58 131
70 97
24 85
9 124
76 139
73 93
26 96
59 60
137 148
0 137
11 37
51 112
31 122
80 118
35 73
30 111
51 113
68 126
37 132
24 134
38 89
35 48
104 138
43 126
115 132
11 117
121 141
46 72
34 146
76 143
48 129
14 108
42 117
10 81
5 33
12 61
10 27
16 136
14 52
63 131
14 68
73 116
66 96
38 143
27 139
5 111
101 140
32 148
3 67
41 63
37 55
24 63
62 103
32 49
25 104
23 119
103 140
1 15
2 37
13 61
129 134
55 101
3 41
77 137
92 148
112 127
122 146
21 61
100 139
61 99
97 116
46 87
35 115
41 149
93 118
80 82
13 124
55 56
78 111
65 74
16 109
105 118
47 100
93 127
25 140
31 107
68 78
19 65
59 86
7 24
22 104
37 124
17 49
21 73
102 123
16 64
103 119
29 118
59 132
83 131
24 91
7 130
88 135
87 103
40 117
93 116
127 134
62 135
25 50
48 137
2 64
28 98
64 100
16 55
2 103
104 114
46 140
33 45
0 1
70 90
72 149
13 136
11 17
40 89
73 76
22 111
25 52
64 124
24 118
134 141
75 76
69 87
7 32
7 65
17 42
23 63
7 60
32 55
7 144
60 66
13 99
63 139
23 44
5 147
30 149
0 77
10 147
52 138
13 101
109 141
53 99
77 84
12 75
9 36
98 111
15 64
33 80
40 96
35 108
62 64
36 109
79 116
0 53
39 136
6 113
75 87
84 147
96 130
41 106
133 142
48 139
88 142
60 77
28 122
0 146
16 101
94 103
3 62
109 135
31 132
9 129
12 135
70 79
89 128
46 132
21 74
136 148
52 96
5 120
3 118
67 92
67 82
83 120
63 113
94 126
31 65
29 142
13 52
63 79
52 108
73 134
85 148
61 133
9 37
19 138
50 100
36 116
84 139
10 51
86 97
103 126
31 98
100 105
39 49
36 91
56 91
18 127
49 73
76 81
74 106
5 21
66 75
92 137
54 123
51 105
2 130
109 125
97 117
20 34
34 118
58 122
63 133
116 137
16 138
24 113
32 35
4 72
63 65
62 119
99 132
72 135
13 35
36 42
9 23
36 56
73 145
11 69
62 67
20 62
21 46
58 128
39 52
37 97
86 110
31 143
56 103
84 90
112 121
86 123
15 61
3 21
92 135
121 149
20 137
61 122
5 98
19 140
12 69
48 141
26 111
6 115
135 141
0 148
8 142
37 113
107 120
107 118
80 100
11 147
42 109
20 28
122 123
76 92
45 48
15 36
2 133
40 113
98 99
20 63
35 58
86 118
