1490277882226427253
150
561
degree
1
8 
40 129
32 139
23 56
96 141
28 108
54 120
81 135
69 133
13 42
31 37
125 140
43 47
51 130
37 136
100 126
10 107
75 148
18 116
114 115
15 122
45 120
80 122
25 73
46 51
25 111
50 99
97 110
36 133
56 138
43 46
54 127
76 114
65 116
2 123
90 114
27 145
27 105
23 139
43 113
98 105
53 93
84 88
42 142
45 130
15 131
30 107
18 128
92 124
8 127
34 111
102 142
25 115
12 15
12 39
55 97
5 137
59 144
82 145
85 103
42 140
83 135
23 41
16 69
11 107
86 144
59 87
5 74
72 93
1 96
54 79
17 108
73 145
20 118
51 52
46 111
13 66
129 149
76 109
108 111
86 92
0 18
8 140
32 66
95 96
92 146
9 83
75 128
33 46
113 144
101 121
107 117
28 99
73 118
90 91
69 92
103 146
32 70
33 63
68 117
96 99
49 110
31 98
121 148
10 86
19 60
92 121
71 132
50 81
22 135
77 140
22 64
10 123
44 57
14 116
29 61
4 65
89 140
62 136
90 147
72 107
42 119
15 148
37 84
45 126
5 58
5 31
60 132
26 74
104 115
38 98
58 71
94 124
21 144
6 108
2 48
49 130
111 112
35 50
40 79
3 25
79 143
67 129
95 106
5 78
121 134
61 87
24 79
7 112
53 57
0 40
18 87
31 117
129 134
34 133
9 33
52 122
58 87
131 142
30 143
14 34
92 144
20 131
28 55
25 105
30 72
26 33
6 127
39 108
28 109
47 136
104 133
67 148
8 84
51 76
79 97
4 64
5 39
1 44
83 140
41 142
43 59
22 120
73 123
75 85
8 103
24 140
27 132
46 77
95 129
22 136
41 103
18 92
17 129
34 121
6 97
35 109
20 52
38 84
60 131
98 107
4 112
15 129
80 147
0 96
0 83
1 19
26 47
107 135
116 136
44 110
62 129
107 134
97 132
87 144
26 141
109 149
67 104
17 85
46 118
67 106
6 36
11 61
62 125
53 128
78 121
57 127
29 96
59 65
37 48
24 75
116 148
41 129
69 139
113 129
85 126
28 75
77 105
25 65
28 84
83 136
16 21
127 138
59 78
2 73
31 34
44 95
81 132
28 132
5 130
72 130
101 137
62 90
13 114
12 147
30 126
29 144
50 128
56 114
118 136
87 117
53 142
39 99
27 44
104 124
16 19
21 114
131 141
98 100
39 53
100 117
21 149
125 145
91 105
38 41
9 55
49 103
19 41
36 113
42 61
20 71
59 137
26 54
90 110
47 72
73 124
7 84
113 146
0 118
112 148
77 103
59 129
16 83
122 142
12 69
8 130
8 120
49 71
27 87
7 124
61 80
47 142
35 45
29 36
9 104
71 83
3 64
8 25
46 130
82 93
67 88
119 125
94 145
33 99
38 118
104 147
36 105
120 132
123 146
6 139
89 142
60 120
120 134
4 71
37 83
18 148
74 130
26 36
39 73
9 144
111 126
48 110
4 92
73 117
6 99
20 49
38 128
86 132
126 134
8 41
131 139
15 83
41 94
17 35
4 55
73 74
62 70
134 143
48 136
99 104
16 75
43 147
59 63
46 97
95 109
12 22
105 145
78 94
30 64
21 95
70 145
97 130
33 129
4 106
8 131
35 42
0 140
27 53
85 104
83 129
34 42
33 77
25 68
120 146
122 133
14 16
4 50
39 65
65 98
16 128
56 128
28 76
38 83
55 137
27 54
3 10
33 69
85 128
72 99
15 41
17 116
52 109
39 145
50 83
82 88
34 109
106 128
11 127
14 82
28 119
31 133
54 93
63 68
36 71
40 114
116 126
50 80
42 51
19 47
68 104
47 141
33 139
2 27
73 97
24 56
51 129
107 128
5 75
43 76
43 64
90 93
70 136
113 130
74 91
14 54
23 85
13 28
124 127
42 93
67 82
109 111
38 126
126 149
47 148
66 93
27 45
61 117
82 117
54 89
32 54
8 26
87 90
80 101
68 132
37 80
3 91
9 27
10 16
123 127
53 107
34 139
25 101
18 114
50 55
5 109
12 102
8 36
24 61
56 122
57 78
6 146
31 126
81 147
17 41
51 70
22 126
49 50
110 141
28 93
56 111
22 140
0 110
53 139
22 57
90 143
71 87
59 134
0 31
5 120
60 148
15 125
19 49
47 122
25 146
21 35
28 97
121 123
30 113
18 62
2 60
31 114
126 130
114 122
118 125
13 138
9 77
56 96
29 143
9 20
9 53
26 44
101 148
22 75
79 85
51 97
41 140
45 66
75 98
17 30
33 96
62 98
56 87
78 81
82 111
31 122
66 136
14 15
129 130
51 65
57 74
67 98
81 107
57 59
42 114
54 119
0 97
34 143
97 134
31 40
126 138
37 49
15 89
36 112
34 132
10 119
5 9
8 114
12 23
72 110
2 58
92 119
8 139
8 99
13 136
44 49
60 79
106 117
10 97
38 76
42 89
44 140
32 111
129 139
36 52
0 50
6 124
52 118
55 94
68 93
10 91
34 98
23 46
5 87
25 52
14 75
57 103
7 72
52 128
60 82
55 114
7 19
41 75
14 33
8 39
23 91
65 72
4 117
13 99
99 112
8 14
94 132
48 91
95 124
79 132
67 133
37 90
43 122
13 61
35 94
25 125
23 92
2 32
41 48
11 14
60 142
60 73
71 105
67 123
58 111
62 100
67 117
26 61
111 145
107 137
14 143
58 66
119 138
103 107
47 144
88 96
110 112
2 149
69 73
29 128
70 92
16 38
38 77
124 146
62 77
67 132
45 75
33 79
11 76
3 115
48 106
104 121
88 121
44 74
104 139
26 80
50 149
7 75
48 147
79 115
17 68
5 116
119 136
49 135
99 102
4 98
27 134
28 133
43 106
13 43
7 76
85 131
107 110
16 20
41 64
11 113
7 126
94 98
73 83
7 109
111 140
127 134
65 125
89 111
15 103
44 120
36 43
126 147
15 95
88 110
79 84
26 59
102 138
13 17
64 121
40 76
65 100
14 95
35 107
81 133
101 144
108 123
9 97
12 68
36 46
50 68
44 83
10 100
38 110
17 82
69 140
59 96
