1490277882999177673
150
930
degree
1
103 
23 78
32 118
37 136
2 101
84 102
20 26
10 36
28 128
70 103
67 129
81 124
13 22
43 58
17 57
39 81
40 41
25 134
44 61
139 140
40 44
13 132
86 107
53 125
14 86
61 119
19 27
109 133
40 126
84 85
18 35
14 100
29 73
115 143
58 85
12 147
54 79
94 108
62 112
116 135
36 103
59 144
97 129
136 147
13 17
16 41
12 24
55 80
70 79
95 123
37 84
45 83
70 82
101 137
6 96
30 60
8 9
24 139
19 58
66 81
8 128
55 91
0 36
26 41
46 140
48 129
25 43
11 22
14 149
16 50
2 96
60 117
26 49
18 30
16 43
129 140
61 89
97 104
5 135
29 34
42 109
7 120
35 90
0 68
30 96
79 126
67 93
29 115
25 124
59 131
14 139
88 97
46 57
95 148
5 125
113 146
57 128
10 138
30 142
27 60
52 121
57 80
80 143
26 33
107 116
87 88
50 120
49 62
32 93
63 65
106 145
87 148
8 71
79 98
69 142
76 121
58 109
42 92
3 73
36 106
51 93
15 78
10 38
4 133
12 77
27 99
15 140
52 128
72 107
75 92
48 141
51 65
113 122
19 31
1 59
45 59
111 116
115 127
45 58
56 102
64 82
47 70
51 108
3 74
85 114
102 110
63 113
0 130
105 115
18 21
33 110
80 104
82 147
12 105
50 130
0 112
93 116
27 140
139 144
57 81
15 93
50 106
27 45
127 129
91 116
85 130
24 118
122 144
72 80
12 29
35 114
12 88
50 53
8 96
4 101
105 136
73 104
18 27
100 125
37 51
59 75
95 110
30 141
104 147
47 130
70 136
74 79
106 130
121 134
7 134
63 73
20 69
5 106
77 139
94 134
48 137
67 114
23 118
47 145
24 88
58 138
0 46
98 132
37 121
58 72
23 63
19 30
11 146
71 108
103 122
11 65
127 144
20 65
1 24
10 80
49 115
20 111
40 71
20 96
101 140
52 71
39 67
85 145
0 67
46 131
74 103
48 88
101 126
117 142
47 147
92 121
44 109
123 146
40 75
100 139
101 107
6 38
64 71
0 141
83 124
121 138
12 82
111 147
8 140
11 135
7 67
14 145
14 68
67 86
24 132
14 144
52 127
22 42
39 139
85 125
52 125
28 117
53 110
38 149
63 111
117 149
8 60
45 48
34 53
43 108
76 145
15 67
73 111
105 110
37 147
0 49
43 106
71 123
14 61
41 134
41 107
97 146
81 149
82 95
33 93
92 99
15 84
42 146
125 133
75 128
61 144
28 110
83 94
61 67
69 147
62 137
52 120
38 102
18 55
96 98
48 94
60 66
4 135
49 127
66 103
81 116
114 139
16 60
15 117
37 92
13 75
38 63
13 87
137 144
15 101
89 135
11 121
5 91
6 145
39 87
30 124
77 82
1 109
33 148
36 58
65 125
123 145
27 129
5 115
138 140
66 86
42 72
35 115
48 80
64 80
97 148
132 144
42 104
13 127
33 115
54 58
117 120
39 55
59 107
5 147
44 90
9 48
52 132
19 124
0 52
89 94
84 119
71 96
54 113
33 126
10 20
49 87
56 85
18 110
42 77
0 31
9 30
29 89
49 85
121 148
128 145
89 132
74 83
25 100
87 110
94 98
46 68
25 47
40 123
4 140
126 137
118 125
43 107
106 115
16 147
81 102
108 149
15 45
63 66
23 34
55 136
118 131
8 72
0 104
34 54
7 112
26 60
70 89
39 129
133 140
45 128
76 103
88 113
94 116
81 147
62 96
28 143
7 14
77 84
2 137
20 102
72 97
46 69
56 68
22 79
99 146
53 138
18 93
90 99
47 124
57 103
15 95
16 53
35 49
27 100
38 40
22 64
43 144
122 129
102 144
9 103
64 112
63 104
28 67
8 98
53 94
16 87
0 77
16 129
121 129
82 143
32 62
35 129
82 141
88 103
23 135
35 69
62 127
11 77
104 126
97 137
130 131
18 44
49 90
60 103
24 144
3 43
136 149
35 122
92 124
99 101
87 94
84 103
18 85
103 126
47 95
2 30
67 116
44 55
50 66
25 125
103 127
19 55
48 101
81 109
3 135
52 83
95 133
22 50
27 95
34 105
76 101
63 96
33 94
111 138
5 109
74 144
3 11
86 138
40 45
30 98
15 145
30 112
41 142
2 6
81 90
48 81
90 117
58 61
122 143
26 129
102 105
8 110
6 120
14 114
83 130
32 111
30 117
1 5
34 84
67 134
27 51
68 134
39 111
50 118
80 81
5 148
15 68
44 95
59 70
91 101
112 143
58 139
15 105
44 139
71 117
31 117
87 115
50 97
13 103
78 126
11 36
56 73
87 107
3 54
61 111
95 101
32 115
19 36
73 138
15 128
121 147
12 131
70 83
7 13
7 20
79 86
39 79
61 95
50 131
57 84
52 118
64 107
21 90
118 140
79 118
0 83
45 88
18 138
122 127
7 92
12 34
67 127
31 127
64 77
4 134
117 130
78 84
54 57
77 122
58 77
38 78
113 115
111 120
8 106
96 134
1 141
147 148
6 58
78 146
34 146
8 147
34 142
3 15
14 131
102 131
50 81
45 141
10 62
73 75
1 118
83 123
126 139
42 132
7 37
23 149
58 59
86 136
93 129
17 132
32 66
63 86
63 108
52 88
121 139
26 64
28 138
19 129
4 48
70 112
130 144
4 114
113 139
27 81
55 120
70 81
57 87
29 144
68 138
48 60
19 115
43 82
17 32
20 118
21 72
28 52
31 103
88 116
35 70
40 142
113 147
45 103
32 147
23 88
17 125
95 108
82 87
103 118
58 108
27 59
20 109
32 139
49 53
65 72
58 133
27 146
30 54
20 134
21 42
99 109
38 129
26 101
21 126
140 148
33 131
33 51
19 148
7 111
45 121
96 129
118 126
37 53
44 110
87 103
85 117
30 138
84 147
4 98
7 110
34 137
99 105
28 103
32 68
17 31
0 110
87 121
66 91
37 118
105 111
3 129
71 125
40 104
21 25
10 147
14 87
17 130
43 84
9 78
104 149
81 88
53 116
11 85
47 77
54 63
101 110
61 128
79 112
78 134
92 126
31 148
23 100
74 138
51 53
73 131
38 51
76 91
12 55
2 117
26 62
57 105
104 132
48 130
52 142
9 125
31 64
14 103
13 45
9 82
60 147
36 120
53 63
86 116
33 100
75 106
85 95
56 97
36 133
10 49
64 69
128 136
122 133
23 55
12 50
59 94
81 128
48 121
0 19
5 48
104 124
87 123
113 116
87 135
55 144
61 115
18 73
67 130
64 98
50 111
85 109
29 69
15 124
2 35
69 117
0 26
58 92
69 141
59 128
88 96
40 69
41 127
108 114
72 133
54 96
35 80
65 136
106 132
3 122
68 90
47 63
22 65
17 85
136 148
28 95
107 142
11 67
2 52
72 148
97 102
43 140
72 115
49 59
18 38
12 85
36 88
34 37
26 133
91 148
87 142
14 115
79 117
1 131
74 98
24 42
50 122
84 97
6 137
63 132
52 86
46 121
73 133
73 141
42 113
10 48
75 84
80 114
63 92
10 46
75 120
38 53
12 113
28 70
69 105
17 53
16 118
18 32
9 43
95 119
0 41
59 87
10 27
42 53
30 83
97 111
9 116
46 134
65 111
17 149
120 145
16 111
45 107
88 141
27 33
12 17
0 22
14 80
31 123
22 95
48 107
15 42
4 42
105 106
88 98
123 141
55 88
57 133
69 135
34 102
91 112
66 110
89 144
86 132
28 136
4 90
41 138
76 94
83 125
94 101
45 138
24 72
39 134
16 45
19 149
13 84
141 142
65 118
26 114
118 146
6 81
94 111
56 82
18 109
52 90
69 74
5 86
36 138
14 119
16 81
90 142
43 90
77 114
43 89
22 110
28 43
45 56
90 91
49 98
86 112
125 145
20 115
89 107
32 44
35 125
80 103
23 109
35 37
3 51
22 98
95 141
44 74
7 46
103 132
92 118
2 113
23 119
33 119
5 75
59 95
121 149
36 125
119 140
73 106
114 116
47 139
1 129
82 104
21 142
36 135
90 147
5 34
31 119
71 115
34 38
134 142
3 114
5 80
65 105
89 115
13 82
33 146
4 92
75 100
107 132
26 65
0 43
61 64
78 137
27 88
32 63
25 45
26 45
54 130
117 136
35 107
50 137
21 37
54 65
5 8
109 141
3 94
11 124
13 145
19 43
33 140
75 99
109 116
110 124
6 52
28 37
4 60
76 86
70 135
102 149
24 99
95 131
12 111
26 71
39 107
6 7
77 92
19 33
105 129
38 95
7 103
105 109
75 145
31 67
116 118
31 46
66 142
30 78
3 50
70 129
6 146
38 55
72 119
61 90
10 15
43 44
33 147
7 100
85 116
93 113
58 65
69 102
74 145
120 146
24 27
17 67
28 120
44 118
94 146
69 98
16 148
44 69
8 62
18 81
1 37
2 129
29 138
3 61
93 139
86 141
48 54
69 93
42 136
99 142
22 148
36 63
95 146
42 100
13 138
61 83
11 76
11 43
27 40
55 147
6 32
2 65
10 120
25 67
39 53
