1490277882491351365
150
744
degree
1
5 
42 68
29 57
112 117
51 131
35 58
67 100
105 122
86 138
22 78
95 115
37 85
0 93
122 147
10 45
24 141
108 125
5 43
6 15
12 61
25 97
6 127
35 91
7 68
61 111
20 115
34 114
64 104
125 130
58 103
13 149
45 125
31 66
59 111
60 83
40 121
120 132
111 147
2 30
15 41
75 101
50 143
38 53
75 95
29 86
15 49
50 138
105 109
24 81
44 102
0 77
118 124
119 138
60 114
105 117
36 88
100 137
36 68
76 125
9 71
108 109
41 98
40 110
28 43
27 40
103 124
46 127
5 50
15 36
22 61
28 33
33 118
71 87
76 132
24 125
3 19
38 55
87 135
46 126
14 136
96 138
81 123
14 65
56 83
76 129
8 128
59 146
13 117
106 145
92 111
118 123
48 80
10 32
11 136
88 140
14 71
99 130
6 132
73 90
71 85
32 133
16 74
37 137
51 143
85 98
56 100
59 75
8 102
2 26
27 126
2 15
64 99
73 87
68 116
18 54
32 89
17 137
27 44
4 119
43 52
48 136
40 144
93 141
36 134
31 108
79 83
24 142
34 94
84 137
3 70
17 113
107 116
69 116
120 148
19 129
47 106
18 20
62 72
72 149
97 138
61 82
25 47
74 122
1 114
63 126
129 139
39 147
5 53
21 125
23 26
107 140
30 106
14 49
28 136
20 25
8 33
57 111
79 118
33 88
29 101
2 79
63 68
50 106
20 24
46 77
38 79
133 142
48 59
72 117
76 117
6 100
89 126
29 107
64 115
84 89
41 119
9 22
25 63
22 89
11 103
83 101
61 97
63 71
124 135
55 98
35 104
4 95
34 146
37 110
44 132
9 42
36 114
60 139
97 123
35 43
91 97
18 102
50 114
24 76
54 109
135 141
78 103
43 100
36 83
47 48
15 85
81 131
103 121
12 137
29 83
2 47
38 75
11 13
54 134
58 121
111 133
12 96
40 68
16 64
5 142
69 118
109 145
25 85
20 132
11 44
78 128
31 57
30 79
48 131
2 112
129 136
34 136
67 140
46 49
1 65
53 126
5 143
90 118
5 128
31 141
9 16
21 112
20 85
97 99
34 119
87 138
71 76
12 77
3 140
38 93
27 123
102 149
28 114
78 98
76 105
46 146
101 143
5 126
2 20
33 68
7 22
41 86
48 61
47 93
11 31
23 71
69 119
13 36
61 148
64 101
51 132
5 38
25 108
51 98
41 60
78 101
17 47
57 138
53 100
22 92
33 46
137 147
110 141
82 106
111 146
2 133
81 93
28 73
96 105
58 93
99 114
8 136
11 131
15 62
20 36
5 137
15 115
37 93
142 148
124 147
63 119
27 121
55 131
4 7
1 67
22 41
93 106
45 113
5 13
1 9
40 44
70 82
136 142
8 63
46 139
25 71
72 121
85 87
51 126
98 145
48 122
79 134
104 109
106 144
144 149
36 65
120 137
8 135
23 43
17 63
90 123
63 129
23 72
42 56
26 89
12 46
7 124
38 131
15 19
3 27
49 86
17 45
54 131
19 57
9 27
4 27
26 56
51 136
41 73
16 44
38 54
98 146
9 63
7 112
44 137
30 107
32 46
41 76
31 90
58 139
33 110
111 140
52 128
48 110
16 65
12 80
24 143
4 58
73 74
62 120
9 14
4 112
36 69
123 149
12 29
66 116
30 82
111 124
57 140
98 101
118 132
83 126
39 77
61 63
34 74
103 144
3 115
13 27
94 100
1 56
76 118
45 145
28 107
21 85
10 103
54 126
54 56
80 103
15 89
107 115
7 141
30 97
12 72
1 138
134 135
76 146
2 25
27 122
56 144
52 147
19 62
78 105
94 142
61 93
22 143
48 133
19 134
46 83
49 109
5 86
47 79
130 131
128 133
51 113
3 96
110 134
63 96
20 129
26 128
54 140
31 69
5 114
31 148
48 149
74 135
51 117
18 145
57 109
89 101
28 89
70 135
58 134
77 78
137 149
34 113
95 125
25 60
110 120
27 54
3 22
67 116
62 87
32 81
16 27
7 126
54 143
17 120
30 109
99 117
22 127
86 148
72 83
102 148
95 143
71 128
31 138
9 133
136 146
23 129
25 139
69 132
5 76
99 100
19 63
115 131
126 145
33 106
41 99
39 72
28 91
28 135
16 106
77 123
9 26
42 63
1 63
41 142
67 73
84 90
40 47
27 104
56 95
19 137
27 48
55 134
67 88
61 149
4 72
42 76
76 120
25 64
57 121
0 51
37 47
8 144
0 85
77 99
106 124
46 130
64 124
10 92
26 93
140 147
22 93
127 136
68 125
55 78
22 35
4 70
84 132
22 145
57 67
37 75
29 82
74 82
11 137
107 126
85 90
43 105
53 123
33 51
25 149
16 122
41 64
61 106
55 120
98 124
69 80
29 122
116 143
6 12
59 85
17 31
104 124
28 34
48 54
53 130
32 149
37 98
34 77
130 144
52 70
36 131
6 35
83 106
0 145
95 113
44 133
57 99
101 132
4 15
77 132
21 42
108 137
124 143
59 91
6 44
12 83
41 74
29 94
105 113
59 106
9 28
10 78
0 88
94 146
5 80
82 100
55 101
33 136
99 146
22 131
5 17
25 90
64 147
0 135
27 30
58 80
27 133
46 89
51 71
18 124
143 149
13 41
30 31
22 141
78 110
26 60
81 91
17 146
83 134
51 130
6 104
85 119
74 83
58 109
2 43
4 83
17 40
37 48
21 35
2 33
4 137
13 47
30 50
97 141
51 107
121 135
52 74
75 142
57 104
56 102
12 50
31 48
68 79
29 115
98 123
48 103
23 106
89 145
9 39
19 49
28 49
1 59
78 145
109 118
43 117
2 69
51 145
27 65
26 86
96 99
12 124
106 117
22 75
49 149
74 99
4 149
59 98
132 147
20 148
11 72
13 86
19 138
11 77
7 41
73 80
9 31
66 108
70 75
71 83
25 110
5 69
1 93
57 115
24 62
82 103
71 133
76 91
29 118
6 74
2 34
92 137
2 101
37 105
57 59
37 91
129 132
23 38
46 76
41 46
140 141
59 102
23 115
57 107
47 103
12 130
4 77
8 40
62 84
4 33
59 88
10 66
15 129
15 147
87 95
44 74
68 108
68 72
18 127
126 136
95 121
0 136
5 23
96 106
102 111
38 100
72 125
85 127
21 93
14 58
113 139
80 129
66 72
62 101
44 112
46 118
9 86
85 103
70 97
27 87
8 113
61 147
2 53
87 131
114 134
51 119
37 61
29 34
61 130
6 48
9 113
67 105
127 146
46 88
64 67
131 134
10 24
19 36
81 82
54 68
74 120
83 89
124 141
8 21
21 118
40 139
33 132
43 140
96 120
19 39
1 85
44 110
32 83
105 136
42 121
5 130
137 142
48 113
23 94
61 84
57 108
54 128
26 63
132 145
2 135
2 64
35 103
129 148
16 82
5 121
32 146
11 68
94 128
30 83
18 26
77 114
50 70
66 118
41 140
18 143
43 61
45 49
3 59
52 55
27 91
109 130
81 133
81 101
9 69
11 21
22 34
93 96
7 64
85 125
55 92
9 61
106 110
36 46
56 76
36 49
69 143
12 101
5 82
31 131
0 122
55 61
53 107
47 111
53 62
20 84
24 82
13 108
5 112
74 144
75 93
27 146
32 54
31 117
7 66
43 93
32 124
16 24
4 111
1 119
15 77
26 111
30 138
8 26
26 78
29 149
53 116
14 92
34 115
34 85
53 117
31 111
67 69
36 45
19 106
32 145
60 93
48 70
17 38
1 77
15 44
22 25
82 93
16 80
16 22
0 71
