1490277882639280586
150
744
degree
1
114 
44 116
85 131
85 109
17 116
8 98
50 143
37 96
76 120
5 31
59 111
98 118
52 145
69 87
6 47
105 120
83 103
2 102
145 148
15 77
12 55
24 113
97 146
40 59
25 142
95 148
26 148
0 17
109 117
30 53
54 101
118 131
10 38
29 36
50 103
31 33
27 97
11 12
113 139
40 62
47 111
58 140
81 120
45 148
45 94
62 68
140 144
19 54
107 142
122 142
64 66
58 109
53 97
130 139
102 129
37 70
36 102
19 136
108 142
39 85
50 51
13 39
100 149
39 46
26 46
130 138
112 121
35 42
16 47
39 128
87 138
6 46
19 44
48 67
89 149
27 106
23 33
25 95
14 70
51 101
24 38
125 133
34 83
25 130
38 92
34 146
22 70
44 118
18 41
99 110
33 88
88 94
32 69
144 147
20 98
71 116
93 137
23 80
28 94
48 77
66 135
37 122
37 55
53 141
121 147
93 138
22 64
88 126
129 135
82 148
5 81
20 100
115 144
45 77
43 50
73 99
63 80
74 128
34 41
99 147
49 64
9 21
3 54
60 80
72 131
77 78
35 82
16 91
125 132
86 145
84 116
52 127
11 133
42 124
104 120
1 93
91 114
20 134
40 56
30 123
52 65
35 119
75 94
9 102
4 11
10 57
61 109
7 130
90 108
48 79
81 114
11 80
103 105
25 94
43 68
111 148
104 122
59 112
100 111
44 97
15 102
6 34
7 30
33 121
75 102
33 46
19 73
11 75
116 125
1 102
26 102
56 96
30 34
61 114
69 78
26 57
40 100
75 129
15 121
70 103
2 82
9 139
41 70
24 111
83 94
72 109
118 142
20 52
29 54
143 149
30 131
72 114
38 58
50 116
12 26
52 60
16 45
60 138
4 59
6 82
78 129
59 146
28 36
38 144
96 135
102 104
71 88
31 78
9 67
78 147
40 147
61 116
8 34
79 90
22 88
71 139
118 135
15 146
16 29
67 135
70 88
10 66
110 127
22 127
29 116
31 131
106 129
121 123
43 98
38 122
36 140
1 14
6 44
111 125
8 67
13 126
12 46
23 47
13 114
59 109
36 62
26 120
11 103
8 148
19 92
92 123
47 87
108 116
63 66
10 82
18 134
7 92
127 133
31 49
122 126
37 77
107 127
3 146
39 71
136 138
136 145
16 74
2 69
14 33
65 129
19 93
85 110
19 144
25 124
15 19
11 51
83 142
80 99
26 103
73 106
38 65
86 149
97 133
84 87
7 77
56 121
78 141
51 108
61 76
39 66
37 89
57 110
11 112
34 73
24 77
74 125
5 85
68 76
60 70
21 98
13 18
63 117
94 95
26 139
55 64
74 94
45 109
57 138
91 137
28 40
106 120
9 44
52 119
55 99
70 142
70 134
55 93
62 144
91 107
37 104
65 144
41 129
36 106
88 95
60 99
17 138
42 98
77 90
127 129
84 108
28 50
126 146
37 124
13 97
75 143
110 111
73 128
42 62
40 139
62 133
54 75
32 35
32 106
9 29
25 45
57 108
54 57
115 135
94 126
19 56
18 66
61 113
55 70
58 147
10 54
40 92
7 82
68 74
12 101
128 139
5 140
87 137
34 111
8 100
127 131
89 145
55 141
56 63
64 95
102 109
40 116
13 83
105 118
22 73
72 91
14 37
76 81
17 58
53 100
32 53
32 140
107 129
21 49
29 41
140 145
82 88
25 58
71 144
128 141
42 66
105 140
94 119
26 135
30 119
18 62
109 118
71 140
123 146
16 58
13 131
24 26
129 142
56 147
72 94
91 115
93 109
13 47
40 122
33 120
111 123
70 120
0 2
69 117
113 126
118 123
21 61
63 115
10 106
3 46
61 71
30 117
8 114
55 123
36 97
28 58
95 120
98 142
101 114
34 101
29 107
30 105
10 31
96 138
12 63
95 100
61 97
73 100
89 135
46 110
61 74
94 103
50 58
39 70
41 60
21 37
21 119
97 137
9 55
95 133
72 76
5 68
56 78
19 30
115 139
71 129
68 77
102 127
77 92
81 125
69 76
3 17
4 126
111 117
1 28
15 56
23 70
75 115
73 132
125 134
9 145
28 62
31 52
21 36
35 77
73 148
135 145
62 149
41 101
88 130
6 25
92 148
32 59
42 55
58 149
24 44
74 140
18 129
10 135
37 50
112 118
83 87
2 56
14 119
96 121
89 134
9 92
72 139
14 114
71 96
76 84
57 114
9 58
28 97
64 135
32 111
6 13
18 21
77 98
41 46
2 15
1 18
39 106
13 51
93 135
74 135
7 106
78 143
116 126
61 132
87 89
50 85
46 82
104 136
138 148
31 36
24 138
18 116
42 142
15 61
0 73
12 33
35 132
5 139
9 103
20 112
31 84
38 114
46 80
74 96
55 146
50 93
54 120
70 118
12 111
40 63
16 64
19 145
4 75
115 145
37 115
111 138
39 49
55 116
41 47
36 81
0 5
28 67
0 147
32 66
0 12
68 111
68 89
85 99
9 111
11 128
40 54
12 72
48 107
110 145
90 102
98 106
80 114
30 52
59 62
62 126
74 114
93 101
5 82
112 123
64 100
106 126
5 41
72 77
26 115
13 149
15 114
63 71
30 103
1 40
83 139
67 121
33 67
47 63
22 85
31 100
21 99
28 77
22 39
35 43
73 87
36 56
24 97
57 139
16 131
108 127
5 39
105 133
10 118
122 135
6 132
8 10
114 144
74 146
1 33
136 147
105 135
25 128
61 121
57 136
1 35
58 106
14 95
96 145
2 25
49 140
18 38
93 123
6 89
25 135
94 146
111 147
22 47
17 101
35 64
97 104
85 123
47 67
99 105
104 121
47 79
132 140
81 121
14 36
6 133
3 44
21 145
24 59
52 90
33 80
64 126
0 88
16 56
100 132
96 147
0 41
38 52
99 124
32 77
23 76
93 114
74 102
16 53
50 72
65 76
44 114
47 127
1 61
108 145
18 138
37 84
144 146
30 120
14 55
96 108
11 101
132 148
1 147
53 127
30 43
28 81
38 78
4 6
132 139
77 97
55 90
65 70
20 67
41 138
54 126
42 104
26 85
84 110
4 53
78 133
11 81
43 134
91 100
47 100
43 143
65 128
28 89
11 145
3 14
79 128
19 78
9 138
44 135
58 103
8 66
18 63
5 70
101 113
28 114
26 47
17 44
46 60
88 145
117 133
40 81
9 37
91 141
29 137
74 115
8 65
37 61
16 37
53 83
110 142
70 77
13 29
8 15
54 106
91 97
51 86
39 77
76 146
74 132
137 144
9 26
36 86
104 149
8 60
18 19
34 117
46 77
6 32
37 138
27 124
25 73
82 114
21 147
98 105
89 148
57 97
44 64
53 142
12 127
37 100
9 38
101 125
66 149
38 128
112 122
53 124
45 119
26 100
114 148
7 110
23 53
10 30
15 149
28 133
67 74
30 138
14 85
30 148
41 65
59 103
66 93
27 87
34 126
84 103
16 114
6 127
12 114
80 111
15 37
110 132
15 59
20 26
71 109
44 91
73 116
92 130
40 140
135 141
42 118
34 108
45 136
71 74
32 76
0 136
69 105
107 135
1 79
5 36
29 82
54 74
95 125
63 125
56 102
50 79
5 149
61 73
74 129
75 108
36 143
72 123
93 97
86 110
109 135
19 60
23 130
20 87
26 42
13 81
88 111
25 87
31 143
1 133
51 61
87 107
37 119
41 130
121 144
56 91
135 138
7 33
57 73
19 58
44 144
109 116
5 137
88 137
50 138
7 10
64 97
6 39
40 145
18 50
17 96
69 90
50 92
7 128
11 61
15 47
54 137
29 76
133 141
110 115
9 15
23 34
23 59
94 141
