1490277882774673356
150
930
degree
1
29 
14 53
13 115
103 135
89 104
86 108
80 118
41 107
70 141
3 8
65 76
38 59
131 145
3 120
90 105
105 129
16 101
31 118
38 81
15 133
75 144
49 70
6 89
73 107
0 48
62 91
60 100
51 62
60 122
12 94
63 78
22 31
50 89
99 149
73 121
10 81
86 94
83 99
109 148
113 126
59 140
31 91
10 146
96 98
44 82
4 135
78 86
98 102
77 91
105 146
70 113
24 65
98 106
4 76
64 106
84 141
42 49
42 57
10 30
26 83
19 38
2 23
104 143
31 39
58 124
75 105
86 138
16 81
38 111
4 105
22 52
56 66
117 128
28 57
38 141
43 75
28 87
115 124
104 133
17 22
83 114
5 15
86 99
31 35
87 100
68 84
25 51
7 139
63 69
4 138
28 132
114 123
31 123
48 85
15 80
11 86
7 21
36 134
93 98
3 112
18 143
6 33
32 97
23 85
27 103
8 75
24 47
37 108
5 32
23 82
48 144
54 79
67 94
62 73
72 76
32 98
15 58
66 139
56 87
5 145
47 53
31 36
71 139
108 136
95 104
62 119
30 34
56 148
8 40
1 130
1 80
28 92
55 104
20 102
79 131
66 127
7 125
51 110
29 94
8 128
138 142
6 116
61 80
101 137
5 9
25 88
49 147
74 114
46 91
45 104
46 48
39 142
29 34
82 145
72 122
51 98
100 144
58 93
21 82
78 102
47 108
32 95
79 133
6 13
63 114
29 149
90 97
71 102
40 85
13 129
113 144
29 132
75 112
33 109
124 148
12 32
38 76
30 70
141 146
2 147
102 118
26 33
15 92
17 101
10 135
0 8
28 106
26 85
32 56
22 97
32 65
73 126
70 139
25 82
13 139
38 56
83 96
80 132
54 56
17 34
10 72
54 98
8 33
39 113
36 104
48 127
36 139
26 120
94 98
87 126
39 144
26 136
26 129
81 110
9 120
25 34
92 114
9 77
127 137
63 105
96 118
5 111
74 95
36 124
41 81
14 93
3 63
33 72
17 91
111 138
38 107
57 134
110 111
8 41
0 47
34 102
9 134
31 93
60 111
62 101
62 67
0 64
91 118
70 128
19 143
37 127
59 98
34 93
108 138
54 145
14 112
106 116
72 104
23 136
58 62
26 99
95 106
7 33
90 148
50 67
16 97
25 35
5 8
61 140
25 26
45 88
10 109
32 78
5 48
127 135
88 147
18 60
66 88
69 78
47 79
52 79
92 129
23 28
100 112
73 137
7 117
67 95
39 137
119 133
36 141
5 79
1 142
75 110
25 140
31 82
53 89
127 131
33 114
116 144
24 99
40 78
87 113
120 148
91 117
29 145
30 100
38 96
104 131
25 99
59 139
11 49
54 109
54 135
29 110
85 134
16 73
96 132
102 113
86 145
29 55
66 114
50 63
50 72
77 106
58 90
87 90
42 111
12 63
9 70
81 146
31 80
30 35
75 134
2 39
3 123
64 77
17 62
82 95
2 90
40 66
105 110
29 89
64 69
27 93
70 132
119 128
11 116
108 143
22 56
101 110
27 145
41 68
11 119
61 142
42 78
79 129
45 124
74 102
33 81
37 86
41 49
41 129
25 102
44 88
41 59
20 68
79 125
24 72
44 108
2 139
59 134
52 115
12 145
56 119
39 98
50 117
21 36
6 112
7 91
55 137
122 136
29 101
82 100
66 81
105 140
13 90
100 121
55 133
39 110
53 68
121 143
6 20
105 142
25 77
1 34
15 32
65 103
78 107
42 100
73 120
107 108
136 146
71 136
38 144
7 55
126 134
35 138
20 89
8 147
67 112
81 126
30 108
9 69
0 39
0 103
32 148
10 133
40 61
100 137
25 47
76 104
101 114
54 144
80 85
6 118
88 124
62 74
6 41
14 45
19 44
60 109
1 3
128 146
3 19
15 48
106 114
9 12
26 30
6 121
76 122
130 138
26 49
130 147
13 24
12 35
18 119
98 99
6 45
60 116
20 31
29 146
107 147
50 84
73 101
47 125
22 26
47 50
93 140
50 57
93 126
103 105
21 54
19 45
10 63
46 92
58 145
122 127
91 106
9 87
18 79
60 105
127 149
36 96
30 33
47 103
65 98
29 40
2 62
11 148
36 76
126 136
9 59
72 132
21 84
43 111
95 111
61 71
23 48
91 100
38 136
39 65
62 107
127 142
46 72
70 80
14 56
19 46
22 103
7 57
103 108
78 111
58 84
75 115
39 111
35 92
69 128
37 124
59 142
104 108
58 80
3 77
34 119
29 100
69 125
53 115
40 134
30 120
14 94
51 93
58 111
40 143
90 130
11 110
66 112
81 109
59 60
10 140
42 82
29 112
26 95
28 49
119 134
66 142
23 67
15 35
8 27
52 71
61 121
88 140
108 122
29 114
53 100
110 142
2 108
1 58
59 67
6 149
2 71
3 119
35 67
28 52
59 118
12 89
2 11
1 77
1 136
68 130
40 59
38 129
89 141
7 111
2 140
112 134
11 118
57 141
49 129
70 76
21 79
2 149
82 112
10 136
54 99
7 43
3 20
85 93
12 14
130 131
46 62
17 132
46 108
15 72
43 107
126 144
67 80
110 139
32 94
27 44
45 127
6 79
69 117
91 138
25 97
6 98
74 113
1 94
3 148
94 107
10 22
106 122
28 60
46 49
65 99
69 81
43 100
19 101
8 105
105 111
107 141
32 105
145 147
39 122
10 97
70 149
13 55
12 112
26 43
114 135
11 55
2 28
47 119
2 70
58 148
49 94
45 145
102 119
52 66
10 144
87 131
51 105
20 58
49 68
43 147
29 133
56 61
66 98
57 128
104 147
69 111
61 128
77 92
122 149
9 109
69 98
3 27
96 138
91 96
52 122
88 149
107 125
72 130
6 19
5 72
51 65
2 25
20 118
14 95
48 109
24 79
112 140
27 67
79 101
24 31
13 18
11 117
17 76
42 77
41 94
11 53
16 93
90 92
27 75
43 51
12 28
20 136
29 65
68 146
39 102
21 96
104 146
126 141
69 138
79 113
43 120
50 100
126 131
53 61
86 114
0 91
21 149
60 127
6 139
8 146
58 66
27 66
82 127
90 129
55 120
86 128
15 54
37 91
6 25
109 146
71 84
18 127
1 121
38 94
23 89
15 17
40 54
74 137
11 68
63 149
18 87
20 24
53 55
60 90
26 119
63 112
81 131
61 101
4 118
65 121
64 114
5 75
27 122
65 66
98 147
5 93
83 111
8 122
4 94
39 145
84 131
52 144
103 114
121 122
82 96
23 56
16 38
99 112
9 17
83 109
18 43
68 78
32 80
74 119
24 41
2 59
15 96
53 87
77 96
57 63
51 114
15 68
55 76
32 47
53 112
10 110
28 44
14 23
47 66
44 147
34 107
29 111
70 108
3 62
82 90
116 124
13 133
120 141
99 105
12 136
55 99
70 125
48 100
49 74
2 92
105 132
16 84
73 105
68 139
85 131
27 104
117 149
79 93
59 115
27 110
19 21
78 141
38 147
12 53
43 143
33 129
119 126
33 135
56 79
82 111
60 107
46 77
129 145
40 112
29 37
77 104
97 105
134 146
92 139
87 114
39 108
24 145
70 89
24 83
99 101
54 128
42 112
20 23
11 21
38 117
3 143
13 128
136 149
37 119
15 45
15 143
1 146
44 131
83 115
72 149
10 29
17 142
81 120
21 105
96 107
28 148
40 108
68 112
107 114
29 144
101 146
29 95
109 110
64 81
40 51
75 120
89 139
121 124
43 44
15 123
8 103
5 41
39 112
127 147
31 94
46 84
15 148
17 115
13 83
8 84
5 86
3 61
19 121
93 122
119 143
124 140
23 41
22 67
13 131
53 134
21 148
4 107
0 116
43 126
88 135
48 134
93 149
42 89
31 32
38 130
100 131
34 142
71 112
56 120
7 80
73 141
76 98
3 78
33 103
89 90
30 144
55 106
121 134
51 149
104 129
69 88
114 141
65 84
102 116
47 72
8 30
94 112
3 101
89 138
38 127
81 129
26 68
9 78
55 116
14 51
14 137
65 80
40 92
67 114
28 81
25 45
19 108
23 87
44 101
23 59
9 65
107 118
3 149
6 68
39 77
59 87
14 115
74 79
49 119
43 68
0 37
67 90
79 118
39 97
48 147
30 116
20 131
124 142
27 86
64 117
30 102
37 144
43 119
38 43
22 77
45 141
12 41
8 32
14 40
47 107
135 147
57 96
46 142
10 71
3 89
81 96
55 75
10 142
84 122
22 27
30 95
59 135
63 134
86 123
71 87
27 147
51 119
10 93
74 141
20 84
6 39
126 139
14 145
8 135
133 145
122 142
110 125
10 65
53 120
91 131
65 91
31 113
4 69
0 3
58 108
17 37
4 98
25 83
26 102
19 75
27 29
20 85
83 123
72 94
42 55
6 17
92 143
8 19
76 124
10 134
16 34
80 139
56 58
123 140
21 133
48 51
72 81
49 85
21 109
79 112
50 68
60 67
27 82
19 71
116 135
19 88
51 87
7 122
77 119
95 145
46 70
18 93
57 100
1 102
74 105
120 139
3 135
64 135
59 77
15 64
78 98
90 137
87 118
29 118
8 91
25 106
36 52
