1490277882803329074
150
930
degree
1
39 
58 69
10 113
51 88
9 58
16 66
61 106
67 104
10 90
7 126
70 133
1 4
88 143
15 20
16 86
44 80
34 143
34 83
38 99
34 63
65 109
6 23
56 82
80 109
17 108
116 149
33 119
123 143
10 116
41 111
129 138
83 118
81 134
64 131
90 136
84 145
12 85
66 73
93 131
1 99
19 100
73 137
18 136
95 141
28 120
121 130
19 96
109 140
86 125
50 60
126 127
92 140
1 125
5 140
34 147
3 140
74 125
4 8
13 146
83 145
95 110
38 113
24 30
13 54
5 88
6 80
28 91
19 127
20 144
15 48
42 142
76 117
43 88
129 137
106 146
72 77
11 90
56 73
108 116
63 149
22 26
9 121
88 103
34 134
6 132
37 93
18 100
29 111
37 69
98 102
7 120
94 121
4 47
13 68
12 27
99 121
45 109
30 64
69 79
31 100
39 114
71 109
122 140
90 106
52 115
130 135
28 119
78 79
33 115
68 89
6 15
12 126
95 131
67 120
35 67
38 41
78 97
0 127
23 49
74 87
75 85
36 145
106 117
59 101
101 141
12 72
99 107
50 68
2 42
5 142
133 144
102 134
84 105
16 21
39 123
41 139
25 57
39 148
25 113
44 46
55 61
22 29
43 112
38 128
62 140
124 144
32 51
53 138
14 112
40 119
87 142
27 86
143 148
118 125
27 55
22 134
59 77
28 52
4 5
55 148
42 86
82 138
32 79
24 28
12 45
119 127
56 103
19 106
14 120
33 92
69 111
71 100
52 127
122 145
34 140
146 147
80 131
29 55
73 106
7 123
85 111
11 76
17 65
99 126
11 95
63 65
45 56
95 118
54 117
58 136
26 66
80 98
15 124
19 49
5 78
51 147
133 136
65 74
26 27
44 59
55 96
58 139
19 86
91 115
108 111
8 81
62 81
38 49
74 108
136 139
95 106
110 129
74 110
5 144
23 57
31 82
80 120
25 82
118 140
46 65
12 54
3 66
14 77
5 31
21 119
21 44
8 22
22 101
18 43
54 142
43 111
65 73
18 51
4 112
66 84
1 85
16 75
105 124
71 104
19 44
36 43
19 84
13 46
9 112
62 141
33 71
83 130
52 99
45 107
49 92
120 140
39 101
144 148
0 2
29 77
41 132
24 103
4 39
94 145
77 85
24 45
15 46
34 102
48 74
7 23
26 95
23 34
67 97
32 127
81 94
94 103
9 70
63 90
4 140
79 133
110 128
43 76
5 89
5 53
96 144
75 96
5 126
56 125
83 147
105 139
55 56
16 50
35 42
106 109
13 32
47 86
37 39
27 50
63 105
47 87
30 33
21 29
10 27
1 25
47 54
42 143
59 73
8 67
75 146
36 70
95 119
47 125
87 126
113 147
24 137
8 142
70 130
3 60
21 139
53 80
66 69
119 134
14 56
7 148
51 145
14 33
38 110
15 89
15 91
9 132
64 116
48 108
43 77
58 93
72 112
105 131
66 74
1 62
19 143
35 83
49 137
93 110
102 137
41 121
36 87
55 75
137 149
0 24
48 70
14 47
55 146
9 16
8 36
92 102
11 12
68 126
57 142
37 81
83 93
88 91
48 131
77 107
42 111
84 126
13 144
17 111
13 142
9 44
28 138
20 116
15 76
50 141
54 74
79 92
19 123
23 144
40 53
24 128
53 71
95 138
39 126
82 129
14 142
58 68
79 114
36 104
44 99
7 74
9 113
69 129
10 40
20 134
87 136
111 145
76 112
25 32
30 136
4 121
39 72
3 114
100 114
6 115
12 86
45 72
9 117
14 52
30 100
98 124
7 10
48 115
21 22
41 77
0 30
2 118
112 127
19 140
70 72
27 52
91 92
6 149
51 107
62 101
1 132
6 11
17 120
37 132
6 98
135 137
67 117
48 118
56 141
43 67
77 132
57 125
3 36
31 49
32 142
88 95
82 110
93 128
30 49
5 109
104 112
15 70
29 130
69 71
91 97
35 46
25 72
32 117
39 125
57 66
48 91
18 75
39 54
92 137
60 143
116 132
3 77
70 104
34 43
110 132
92 118
49 84
5 98
62 63
41 83
84 130
69 87
58 81
0 11
7 107
45 119
42 117
0 132
29 119
19 58
13 50
74 119
20 22
50 58
8 109
24 121
99 115
99 142
27 145
43 48
131 132
45 61
117 131
20 35
54 135
83 90
3 22
22 88
106 129
118 138
81 135
46 136
95 109
25 132
72 124
47 104
113 114
8 87
1 142
1 26
3 74
30 148
82 102
31 72
24 144
45 105
3 96
15 71
26 49
8 117
43 92
49 120
9 50
31 122
99 102
28 117
49 52
78 92
14 149
81 143
108 120
87 139
42 147
25 140
6 48
80 138
69 115
39 65
36 128
88 107
28 147
14 122
107 134
92 116
40 133
71 105
61 82
45 67
29 39
55 64
14 76
63 126
37 106
58 87
23 52
23 139
37 82
15 116
73 133
115 145
39 100
60 134
13 139
2 73
112 121
53 126
124 131
98 139
41 146
9 40
13 134
71 106
2 59
89 90
12 107
9 11
35 99
8 89
25 139
2 60
1 114
46 95
60 127
64 68
38 118
75 82
26 80
102 117
30 73
41 88
68 132
9 82
31 130
22 148
128 146
107 110
21 50
48 64
7 37
11 99
10 130
65 136
34 126
38 96
52 100
2 94
90 99
64 87
42 112
46 47
7 100
21 76
54 100
25 52
7 11
42 79
41 140
10 79
51 125
85 122
47 81
17 101
12 96
106 144
46 88
2 30
108 109
118 133
32 48
26 131
10 120
9 97
87 138
19 147
69 141
29 61
15 56
20 109
1 115
116 126
59 138
55 103
65 106
78 118
77 126
75 120
95 116
2 76
42 78
46 118
113 129
29 88
1 7
9 73
93 108
46 148
77 89
85 113
74 89
90 120
9 96
46 99
52 119
71 95
19 39
79 124
47 63
21 138
44 114
81 148
112 134
34 55
22 144
95 125
24 26
14 34
36 80
139 145
13 73
39 120
41 94
74 99
37 129
38 43
26 76
68 76
77 134
2 105
122 139
132 135
87 119
100 120
28 93
86 149
0 122
50 149
46 126
104 125
88 119
114 128
7 86
17 78
65 97
2 120
0 33
48 134
13 100
65 77
19 60
39 68
61 103
68 79
58 59
72 123
8 141
98 114
2 15
75 116
23 41
47 107
8 99
58 71
37 38
35 140
134 144
56 87
10 36
10 31
43 114
39 84
37 97
27 83
44 129
23 24
45 100
3 39
40 71
102 145
57 63
63 117
78 109
131 138
38 126
4 61
32 146
51 81
6 32
28 63
27 70
41 47
50 71
7 35
91 112
6 22
19 57
18 97
15 38
27 139
58 74
4 133
33 143
71 121
54 101
17 98
0 69
28 69
63 89
76 95
60 76
11 147
37 111
61 138
42 101
40 65
56 119
39 127
39 43
9 21
55 66
2 29
71 84
56 81
43 143
82 139
48 54
96 117
11 91
47 122
64 73
12 23
12 19
53 58
69 109
73 127
0 116
25 102
87 140
24 104
18 33
42 91
68 114
61 124
9 85
22 107
35 88
95 122
104 118
110 111
8 48
38 81
26 85
125 137
30 126
22 93
25 40
56 68
42 121
56 75
62 126
13 131
12 116
109 141
63 101
1 80
54 149
14 21
13 82
75 99
41 50
102 121
57 118
1 79
115 117
40 149
101 145
0 124
116 137
80 102
91 148
8 53
76 109
46 68
0 120
24 53
33 69
59 97
7 142
6 45
55 138
130 148
53 147
68 127
20 120
82 141
28 62
125 144
18 127
46 89
52 97
80 86
17 47
24 67
12 147
22 113
27 125
75 88
38 133
79 145
51 103
76 129
23 97
65 93
42 106
22 44
46 50
24 37
10 107
71 79
119 120
20 141
75 128
54 95
25 112
61 127
19 133
141 143
31 108
72 104
24 142
36 79
110 117
18 27
13 56
23 31
4 141
73 126
18 108
52 104
49 62
8 39
70 84
56 145
74 117
49 133
14 68
56 107
10 48
69 72
47 55
9 64
70 82
4 134
58 97
58 105
12 142
109 144
13 92
100 118
26 47
25 80
23 88
110 121
33 59
96 124
122 149
84 121
56 78
108 128
3 12
40 96
92 119
49 97
55 121
44 124
70 102
14 20
13 90
10 124
62 104
79 126
66 128
29 71
57 83
72 98
85 86
114 144
48 63
78 87
47 142
94 100
90 110
18 102
32 125
79 87
33 141
40 135
5 107
0 129
20 117
8 107
42 141
60 96
105 106
7 78
106 132
26 52
37 57
34 57
41 130
4 98
7 135
93 122
110 122
58 122
1 39
5 113
66 122
12 47
11 56
91 144
52 135
16 134
63 144
85 106
51 113
86 110
108 130
4 82
98 107
137 145
88 89
8 52
22 81
132 141
123 137
53 101
15 97
33 127
66 83
113 143
19 120
116 136
3 26
1 88
73 135
10 89
49 83
57 62
15 115
66 99
35 116
8 38
72 97
121 141
21 32
90 134
11 48
109 113
6 88
45 120
56 91
41 135
21 144
40 128
25 106
123 132
27 78
29 49
24 69
13 93
86 94
12 89
8 27
