1490277882546196985
150
744
degree
1
74 
67 84
91 126
81 94
30 140
84 137
7 133
117 132
51 109
26 82
31 145
28 32
61 140
1 81
121 145
37 91
44 70
22 100
116 119
0 124
55 57
128 140
33 144
79 105
15 112
17 28
65 80
0 134
91 115
11 80
49 147
79 95
16 52
7 98
71 146
70 124
66 105
106 130
14 139
130 149
132 142
78 119
74 140
8 18
84 99
93 138
55 104
17 88
10 25
7 141
58 85
8 73
69 125
109 113
92 142
56 107
75 125
17 139
115 141
10 112
97 123
63 115
44 63
55 73
53 85
69 74
18 77
59 138
58 75
8 80
47 55
110 127
15 126
4 94
93 106
80 115
119 147
4 148
81 116
49 142
54 83
56 124
96 140
12 70
60 131
44 82
18 34
90 114
113 148
37 100
0 75
39 101
66 75
15 110
6 36
20 83
119 140
43 61
2 19
52 84
57 114
55 87
50 143
50 63
32 59
97 113
137 144
0 42
36 96
39 61
62 103
71 140
42 131
11 29
32 111
2 94
46 137
23 52
65 139
54 90
45 128
122 137
20 35
69 102
41 97
64 147
3 126
91 137
72 73
21 76
46 108
86 114
9 18
0 129
105 135
135 145
5 22
13 29
62 109
68 89
11 120
89 99
76 99
48 128
40 146
118 125
24 38
24 99
136 139
27 37
48 74
14 77
128 133
63 112
72 95
31 38
34 129
97 118
17 148
18 30
5 88
41 100
27 87
61 144
2 5
58 120
89 118
82 132
77 140
51 97
26 109
35 45
29 121
8 30
10 82
105 120
70 73
8 17
115 129
7 124
51 128
11 53
53 119
102 107
88 147
64 90
96 137
58 111
38 148
43 126
64 136
84 125
16 65
14 102
44 74
65 145
0 104
21 75
68 114
34 48
36 128
8 139
7 92
49 93
36 143
32 72
16 37
74 116
28 63
68 93
20 106
36 59
72 123
66 71
102 148
15 57
40 99
30 39
122 136
26 121
60 69
66 138
16 62
39 129
18 55
62 145
51 117
45 124
19 72
65 132
36 117
64 116
4 92
98 130
94 116
10 140
2 18
115 123
41 128
1 131
32 82
77 118
83 90
99 135
57 128
5 126
4 24
84 116
6 93
2 24
118 142
105 119
56 68
65 135
148 149
2 49
25 109
12 71
119 138
143 144
27 85
109 130
86 104
98 123
33 74
67 135
45 118
122 126
17 35
13 18
50 108
67 74
27 44
31 68
8 147
34 132
80 123
30 146
64 128
40 122
97 144
3 39
33 57
119 121
38 98
28 52
29 105
3 55
44 103
67 95
19 27
58 132
126 132
92 110
58 61
21 74
5 74
25 130
42 76
5 72
35 116
57 105
30 59
11 37
43 110
57 68
19 114
61 67
103 145
5 7
9 77
29 137
14 145
114 132
52 131
1 9
47 129
75 135
7 135
45 74
125 149
23 102
55 124
34 65
26 129
53 133
29 76
76 83
16 59
74 97
68 74
5 31
0 62
26 128
45 80
66 104
67 96
31 99
12 50
45 109
23 112
5 24
41 110
18 148
49 77
2 131
12 130
22 111
23 25
72 105
15 128
49 126
35 82
22 41
54 143
104 141
60 88
91 148
4 51
46 119
91 134
69 138
104 129
40 124
83 128
94 117
35 139
100 112
69 134
39 100
64 74
63 107
15 30
16 17
38 88
69 96
3 9
40 139
46 127
97 107
17 53
10 36
25 34
21 95
62 76
94 126
3 24
12 107
78 100
11 18
27 120
27 94
25 26
117 149
11 84
40 98
30 132
39 66
13 118
83 129
39 81
19 69
35 138
81 135
28 58
93 143
16 83
14 30
74 135
53 86
23 74
14 136
141 142
35 106
76 86
104 112
61 109
66 77
47 92
44 84
48 148
29 138
58 133
24 63
29 30
22 56
30 128
28 149
4 41
92 100
75 137
29 132
5 18
127 141
77 146
14 52
10 23
10 46
25 125
100 109
5 114
39 115
21 55
119 127
108 111
134 140
43 76
19 56
67 83
80 112
8 60
69 101
123 140
54 116
17 25
51 134
40 148
3 120
110 138
142 147
47 128
7 66
72 117
25 132
63 106
57 102
75 99
1 60
9 87
85 134
16 115
116 126
49 88
55 56
32 94
104 143
15 58
57 139
7 99
76 106
16 105
71 135
101 123
45 75
31 149
137 141
25 56
66 108
17 81
77 125
34 119
21 142
49 72
70 112
114 118
8 75
120 133
73 125
10 31
107 129
51 79
70 93
22 52
103 115
87 138
84 90
133 147
2 86
48 97
53 140
12 146
76 91
117 138
69 139
61 62
68 137
54 93
52 115
2 77
25 143
45 57
37 47
53 126
74 77
129 141
105 140
54 67
22 47
31 127
59 130
19 29
5 105
87 144
22 146
9 149
43 119
104 147
115 125
55 70
9 145
15 101
71 134
126 149
23 37
73 100
52 77
21 86
43 120
44 133
79 137
14 129
45 139
44 130
22 72
106 137
57 112
45 129
60 104
73 96
28 126
62 138
14 111
120 146
53 70
19 50
9 43
51 89
47 82
5 75
91 118
92 128
71 91
63 139
26 72
80 94
120 121
87 114
30 35
28 122
48 149
1 46
41 136
65 110
64 127
61 136
32 116
9 108
23 131
19 84
31 48
52 124
22 49
9 112
9 21
107 123
65 112
0 111
39 130
70 138
38 105
27 104
23 71
64 144
130 136
41 138
37 77
29 33
48 51
40 54
2 8
21 119
61 92
45 117
59 106
76 138
61 71
46 139
8 13
8 51
108 126
19 123
124 126
62 140
70 125
119 139
6 80
94 125
32 102
37 101
51 136
64 65
28 106
28 143
20 25
46 140
54 80
40 125
21 70
4 62
2 14
40 106
78 96
24 107
22 33
16 47
6 39
40 41
15 120
0 91
2 148
11 104
110 145
46 120
9 12
36 94
45 88
11 35
42 71
42 148
107 109
61 104
69 71
2 25
19 148
57 84
0 115
124 133
11 30
78 135
12 54
69 103
74 128
29 86
11 108
83 108
45 97
59 144
61 130
47 138
62 123
32 115
39 110
23 104
53 136
31 58
38 41
28 139
51 77
51 142
7 109
5 116
74 115
16 85
18 24
25 131
73 116
86 127
29 110
67 147
23 106
99 114
37 96
15 25
96 144
39 96
10 90
70 101
57 76
33 102
13 120
10 79
95 120
21 88
18 123
122 148
74 85
73 144
26 27
121 144
54 129
88 139
37 59
92 119
60 89
44 56
17 74
0 43
62 124
68 139
41 109
42 94
2 73
61 112
30 101
129 144
20 43
59 134
5 147
14 60
3 131
67 117
40 77
59 94
7 126
48 133
19 73
67 75
47 78
10 50
16 129
98 133
88 89
22 77
123 130
28 48
122 142
26 55
0 85
32 108
50 93
33 121
58 91
41 96
50 87
18 106
43 95
29 98
21 31
105 111
105 114
99 138
16 21
45 63
1 114
90 141
110 120
0 23
35 81
17 125
95 117
23 120
15 123
86 107
26 61
36 138
52 86
51 135
53 145
101 120
28 116
111 113
35 113
43 69
31 79
37 97
50 119
23 57
18 136
7 13
9 135
128 138
40 128
147 148
0 45
47 88
6 82
46 85
7 114
46 87
129 137
47 80
39 104
28 36
87 106
42 141
75 126
117 133
52 96
91 110
76 132
29 122
34 38
33 112
36 139
80 86
37 93
17 113
5 138
12 78
1 100
33 145
82 146
66 86
70 108
0 128
58 134
39 122
69 91
99 139
13 43
54 134
34 120
41 57
91 149
9 146
38 94
70 143
36 134
28 141
14 122
90 95
36 69
73 83
51 126
10 148
66 92
21 22
6 122
27 91
72 124
