1490277882665378407
150
744
degree
1
105 
12 136
24 139
105 146
95 99
126 136
102 121
65 72
137 141
95 147
17 30
56 72
6 114
4 55
50 136
89 90
66 104
42 104
97 137
22 98
35 83
129 148
101 138
46 123
12 27
51 57
4 128
28 56
28 46
1 129
27 59
61 128
100 132
101 123
94 106
13 65
15 63
105 106
49 113
56 87
67 93
1 3
15 145
24 72
5 49
96 102
38 138
25 130
4 9
9 126
81 92
116 129
50 135
30 131
55 117
8 75
48 113
16 129
45 80
14 144
111 135
46 116
47 107
106 121
16 33
5 107
67 82
95 97
14 110
24 92
73 96
17 111
13 144
16 30
60 134
39 113
27 71
0 12
6 107
52 136
36 113
23 75
21 91
19 74
50 100
74 99
21 99
1 124
37 108
55 75
31 44
36 81
43 131
70 143
86 138
134 149
81 99
45 86
146 148
67 128
53 121
60 143
70 77
79 122
64 126
37 95
99 103
57 132
66 137
125 127
5 58
117 120
50 60
83 100
28 31
8 10
32 77
35 78
3 69
54 75
115 136
7 139
50 68
11 31
40 103
118 131
143 145
26 61
125 141
25 42
22 54
63 79
2 72
84 138
18 60
41 120
53 142
85 137
64 112
109 118
29 146
34 112
88 104
10 133
16 62
72 89
54 119
21 76
20 108
140 146
56 115
3 70
29 83
0 68
65 71
83 92
23 113
31 132
118 145
68 85
61 91
82 144
75 128
93 94
27 67
88 148
50 61
44 93
92 112
63 113
6 101
67 145
13 57
71 93
69 88
34 83
24 53
53 115
35 109
85 106
105 117
13 20
14 65
41 103
77 134
78 123
3 65
35 118
36 136
29 123
87 93
92 132
10 22
9 19
104 125
97 115
3 85
49 123
82 149
20 51
59 109
122 143
5 138
80 92
39 125
86 111
22 116
54 87
115 140
20 133
64 111
104 145
7 15
109 128
35 99
6 49
28 72
33 57
88 116
16 68
0 139
39 48
96 127
6 83
32 127
3 27
118 124
24 68
17 72
73 83
10 135
4 123
72 88
64 124
14 18
6 127
36 108
25 143
80 140
34 37
54 97
47 98
59 149
17 142
43 126
90 93
51 92
71 117
109 129
31 118
33 84
9 16
103 146
20 28
38 121
32 44
1 47
16 118
52 69
21 104
6 73
73 95
7 105
27 147
77 123
28 106
8 74
61 105
53 61
39 94
30 69
4 140
41 74
46 52
20 131
111 143
1 80
43 100
36 148
26 38
74 126
45 47
46 80
0 24
82 89
95 121
82 119
61 127
75 139
3 102
11 141
25 134
32 106
5 24
6 132
35 139
76 82
4 105
27 78
26 43
66 139
79 96
26 74
4 144
97 143
90 120
3 140
4 30
31 59
2 41
130 138
50 75
44 102
77 129
26 101
0 135
91 122
3 10
35 37
68 137
32 68
129 147
97 142
113 119
7 30
50 59
3 6
107 109
71 96
83 141
99 105
0 91
20 130
46 49
13 35
45 108
102 140
2 80
65 111
109 138
14 78
35 73
33 125
65 125
69 135
43 129
35 133
59 60
68 121
31 120
107 123
50 81
95 117
11 34
51 73
78 137
77 108
58 100
107 127
52 120
68 80
66 99
17 101
19 107
94 105
40 146
32 56
62 143
46 133
89 141
1 15
103 136
110 134
52 116
87 136
39 76
44 96
7 49
69 70
7 149
7 108
91 124
40 82
8 90
105 140
84 90
79 120
108 112
4 43
36 89
5 44
18 140
30 41
115 129
19 143
141 147
37 149
20 34
12 19
3 50
102 108
14 122
75 145
96 147
70 78
72 77
80 94
39 99
27 143
10 109
46 103
23 61
15 143
36 102
56 105
116 122
19 83
47 74
14 89
68 130
88 136
107 147
123 138
51 147
18 106
84 109
33 114
56 62
80 130
44 85
5 147
80 93
8 122
14 90
113 118
84 121
42 109
20 94
45 102
86 104
49 73
18 63
49 128
20 59
56 108
59 85
80 144
15 54
34 132
56 69
118 134
38 51
34 109
38 133
11 59
72 122
35 111
4 110
75 79
96 130
40 51
132 142
46 105
34 148
67 123
64 139
49 141
80 112
81 123
41 121
37 115
31 88
64 94
89 105
0 22
25 96
45 112
96 97
77 136
90 147
59 75
0 10
116 141
19 58
130 144
4 133
88 121
13 19
47 102
105 126
26 133
25 129
72 104
79 83
60 94
62 126
128 133
20 65
24 43
44 55
5 14
29 118
139 145
10 142
47 79
127 147
55 89
57 93
55 107
23 135
73 101
60 110
39 140
68 148
12 49
5 130
5 77
125 131
45 103
13 33
5 114
14 134
31 76
28 131
33 107
10 17
116 121
65 127
29 95
10 129
84 93
7 115
102 123
50 63
89 132
33 68
124 128
111 140
67 72
24 149
65 89
92 97
33 35
15 31
58 127
61 76
57 84
70 73
24 109
68 84
15 74
4 14
24 48
51 128
41 86
40 105
30 134
70 113
95 115
13 30
11 116
0 130
66 74
86 95
60 67
83 146
52 147
5 137
89 129
29 82
70 84
35 103
53 82
6 79
2 10
16 85
116 138
58 128
87 116
110 146
23 123
10 128
50 137
33 56
15 114
73 137
114 132
70 114
118 149
48 149
34 73
45 75
31 107
73 128
120 139
43 135
13 24
16 141
20 81
55 121
113 129
99 124
22 97
49 71
36 135
25 82
25 58
125 149
50 90
54 67
33 52
18 22
82 145
46 47
95 137
96 125
91 99
12 62
41 139
96 107
100 117
15 121
77 84
18 25
29 31
46 75
34 117
67 71
25 62
27 93
54 63
21 81
15 133
38 50
128 135
37 104
86 110
13 133
98 121
93 109
84 113
34 145
38 103
9 104
46 90
81 126
85 129
87 107
42 137
66 75
44 95
93 149
12 69
90 102
2 119
6 34
126 134
1 144
11 39
49 70
1 25
103 122
27 69
75 129
96 145
85 127
54 66
7 34
67 104
80 149
38 139
90 106
11 14
101 125
17 88
28 55
41 137
9 21
79 100
11 129
79 133
9 40
78 99
18 138
38 114
32 111
100 115
60 140
15 124
103 144
33 129
132 136
23 26
37 144
59 78
17 44
77 149
38 70
65 108
8 84
68 119
50 92
65 88
64 73
59 140
10 16
71 137
51 70
19 62
32 51
74 81
6 104
19 82
14 120
50 118
4 72
57 140
2 116
42 82
22 115
114 148
14 118
77 102
75 106
64 134
6 122
63 82
13 115
15 93
17 21
59 131
34 94
75 142
132 140
8 120
7 141
136 140
94 100
5 128
53 64
92 106
105 120
45 87
22 57
0 134
32 61
92 101
51 56
42 100
1 115
119 133
3 7
45 61
85 132
119 138
15 77
35 131
104 118
3 124
95 135
17 36
139 147
34 116
49 149
91 146
15 25
85 114
46 82
64 113
14 73
64 117
126 137
55 77
10 31
60 64
1 39
16 18
1 130
62 92
92 98
26 47
27 51
60 72
19 80
51 105
86 87
48 96
16 76
15 105
39 98
0 49
63 88
101 113
123 141
14 19
15 72
73 132
54 139
105 145
99 144
44 72
75 148
21 26
104 148
21 55
37 145
30 82
106 142
7 110
2 65
124 149
109 140
125 138
2 76
111 148
37 100
49 118
106 124
73 114
26 65
123 140
13 50
19 70
49 136
107 149
138 142
24 117
56 132
19 95
47 103
38 123
6 115
41 143
40 148
27 120
27 103
49 82
95 105
12 100
16 83
68 90
64 83
1 22
94 122
79 138
139 143
30 103
56 78
1 21
28 101
17 122
3 62
20 127
42 115
47 93
55 93
103 143
58 136
0 76
68 146
60 102
38 148
69 145
111 119
49 85
128 130
117 132
39 64
2 47
