1490277882971520379
150
930
degree
1
45 
12 19
51 147
98 121
78 101
1 137
63 72
38 46
99 131
18 56
26 31
48 146
62 67
7 42
111 130
58 140
42 49
65 129
28 40
4 136
4 91
50 73
110 141
42 65
89 112
47 67
47 58
77 103
1 7
64 105
35 44
75 103
4 77
25 149
17 58
28 129
70 91
49 149
61 62
34 148
81 131
79 109
31 128
117 121
1 128
60 77
9 61
13 123
119 120
114 121
65 147
78 112
52 139
39 124
37 105
9 118
12 148
45 105
111 149
63 81
89 139
0 84
0 27
67 70
20 35
92 124
108 113
32 90
21 62
94 116
13 136
2 36
74 99
22 80
68 149
0 113
118 143
106 149
69 84
0 5
69 102
85 104
17 126
24 140
109 146
110 128
102 117
31 34
9 97
5 14
59 131
138 143
35 106
21 34
56 115
115 149
48 59
6 139
95 110
88 107
38 88
52 146
56 84
19 53
25 146
15 42
33 53
93 142
34 120
127 143
96 142
11 104
4 66
43 45
41 84
105 134
32 100
7 90
51 82
26 86
17 122
8 124
73 94
96 102
43 106
16 114
132 149
15 54
114 135
3 129
28 76
110 125
77 88
2 55
73 134
121 144
44 104
83 129
30 63
81 124
80 95
133 139
68 71
25 36
57 109
24 29
12 145
10 35
23 41
87 140
109 142
85 148
56 62
46 136
76 149
78 146
4 92
50 125
27 147
83 106
40 113
47 97
17 120
65 87
16 24
111 142
64 136
137 145
2 87
143 147
64 77
45 91
75 95
0 9
94 98
56 128
15 148
71 110
125 126
73 97
51 63
48 54
49 80
104 118
21 146
14 123
26 124
41 60
3 104
83 142
2 43
18 115
67 82
4 75
58 76
49 102
27 137
62 108
90 113
66 103
94 148
33 71
72 116
89 92
59 138
4 43
13 106
53 119
101 134
112 145
13 63
68 86
34 121
57 62
72 143
23 111
34 87
115 134
29 46
52 73
129 146
75 134
34 137
79 133
91 106
56 69
4 72
58 138
82 104
37 73
64 84
144 148
84 137
23 95
36 52
11 115
122 123
83 126
23 98
72 99
34 140
81 120
37 120
39 68
68 88
127 130
42 79
58 126
53 70
5 81
24 57
2 31
93 97
87 126
18 69
97 135
12 22
86 139
53 123
23 123
32 73
83 135
13 44
17 85
24 120
105 128
4 97
14 115
80 85
9 112
89 148
110 130
60 93
64 140
35 130
108 139
50 115
114 124
64 94
111 121
19 147
38 130
18 57
14 140
46 48
73 103
93 141
15 106
46 133
59 114
59 83
2 134
10 91
67 87
1 89
33 40
29 45
31 74
30 127
63 75
1 110
37 149
4 82
2 118
4 63
46 74
16 130
39 107
48 56
28 119
96 138
110 142
95 134
20 106
45 97
11 62
12 68
3 89
85 105
1 8
79 131
57 81
24 104
104 133
71 123
31 91
11 85
13 103
70 119
44 137
8 17
69 92
9 45
41 136
24 144
126 149
67 74
32 42
94 97
50 97
59 105
101 118
85 99
6 38
25 120
89 111
14 87
50 67
35 66
61 139
58 134
23 140
2 149
46 69
2 143
18 71
107 134
10 138
9 121
48 93
7 100
104 117
4 45
74 91
68 108
17 29
37 118
28 112
88 137
103 129
41 86
134 135
51 126
58 132
16 29
37 126
75 147
11 109
6 48
9 115
44 103
41 63
58 73
59 148
95 112
60 72
73 93
2 30
31 112
24 110
69 101
32 66
108 122
73 85
56 145
143 144
62 117
53 97
52 89
19 48
34 90
98 145
45 86
27 83
42 45
58 82
31 102
28 66
45 117
65 138
79 140
20 108
98 149
142 148
29 52
102 110
73 114
41 58
81 97
21 75
39 96
130 143
104 110
44 57
4 22
3 48
52 63
25 112
20 46
52 132
107 145
45 87
60 128
113 148
69 74
28 59
54 102
66 105
13 141
21 22
1 54
66 138
16 83
110 139
6 117
72 109
9 81
67 128
5 101
12 118
19 135
30 52
8 41
94 112
30 121
57 95
55 77
92 138
23 69
49 85
9 106
7 15
73 137
28 91
27 46
60 102
99 120
27 103
65 85
1 118
102 105
50 132
8 127
0 106
33 67
11 107
50 101
106 143
54 146
93 149
29 50
24 53
106 147
105 147
36 137
22 29
14 74
65 73
13 117
56 97
135 142
44 108
18 120
14 121
10 25
48 87
14 96
43 138
16 35
22 27
34 99
12 34
74 110
51 102
94 133
79 108
2 136
91 132
22 122
101 110
6 143
18 97
8 140
123 128
78 135
84 134
38 90
41 53
110 137
61 100
86 113
81 82
76 115
55 132
1 96
13 50
2 18
61 107
47 107
1 123
86 127
89 129
46 71
91 126
71 125
16 32
72 132
55 113
27 145
89 143
20 73
58 89
14 28
52 83
8 131
78 92
104 146
96 121
45 121
20 51
34 83
21 106
83 123
64 139
121 127
11 76
17 138
80 134
21 23
1 113
41 115
61 113
77 142
34 117
0 40
74 94
25 142
105 141
6 21
58 72
2 45
124 135
73 120
94 95
10 68
73 143
58 107
140 143
46 131
120 146
73 107
3 103
51 72
103 131
15 117
71 131
51 55
101 109
63 76
35 127
68 130
58 137
11 143
14 137
33 64
29 124
50 66
4 80
9 84
1 5
74 139
1 82
13 55
75 100
77 112
6 105
47 84
81 136
96 146
66 121
21 109
43 116
31 68
83 102
24 125
6 89
125 137
78 81
56 59
130 140
106 136
13 62
16 91
33 146
31 41
57 116
16 95
57 113
45 144
32 103
73 104
75 149
80 130
68 112
67 86
91 110
66 71
1 146
107 140
45 70
19 143
14 17
18 58
65 119
4 39
104 144
85 130
60 133
45 104
71 74
92 147
131 148
18 72
32 111
59 88
20 25
81 113
124 136
22 117
19 102
48 63
83 84
36 90
63 87
44 119
60 140
96 107
89 117
39 87
16 92
0 72
64 117
33 73
43 144
62 77
37 122
142 146
36 85
27 39
127 129
17 114
19 83
1 116
7 127
65 95
56 119
77 133
30 133
68 99
6 98
102 126
84 96
104 105
120 127
39 133
86 87
13 149
77 131
42 84
34 135
5 131
106 138
51 89
28 95
75 113
26 62
37 88
34 109
64 112
16 116
40 142
28 135
82 93
106 108
18 121
91 140
126 136
99 138
84 118
83 138
83 119
100 135
21 47
23 88
47 57
101 121
53 96
34 146
138 140
18 111
20 65
55 99
29 41
115 144
3 106
27 63
83 87
65 148
72 97
40 73
23 43
61 149
5 72
118 123
45 92
63 110
59 124
56 147
35 43
79 135
93 117
107 122
23 115
60 112
109 137
22 82
70 139
91 93
101 105
3 70
75 133
0 25
9 100
29 94
52 118
63 105
119 131
122 126
45 118
95 122
45 85
22 118
29 149
74 83
61 81
70 99
2 49
117 120
31 111
92 103
16 21
39 131
5 118
40 104
60 115
47 127
96 130
98 100
110 132
35 77
32 110
122 144
48 80
71 126
9 90
19 94
123 126
71 103
136 138
2 137
69 141
64 142
21 61
9 20
9 42
46 125
79 93
38 119
114 146
65 126
3 38
8 88
124 127
80 127
25 45
48 64
29 137
89 127
5 112
51 87
67 75
28 81
76 128
6 79
111 146
113 121
58 79
6 29
1 149
21 126
28 93
57 117
68 100
70 148
45 94
32 97
19 79
40 85
24 26
102 119
11 139
4 130
48 138
20 29
29 88
45 50
18 60
64 93
59 92
89 109
33 118
85 117
5 92
6 55
19 81
8 105
23 72
9 39
0 135
65 99
95 113
122 128
5 10
16 64
50 131
60 113
67 108
61 127
23 44
58 135
42 110
57 68
106 129
55 148
101 127
21 51
37 51
11 125
9 50
6 61
112 149
18 36
20 31
40 59
26 34
16 43
95 119
18 144
15 76
6 149
23 145
22 28
46 84
68 80
57 114
5 80
8 59
80 116
71 129
43 132
42 56
19 41
19 129
93 139
6 32
58 61
107 120
11 72
11 135
101 116
64 109
17 44
145 146
51 90
86 111
90 131
36 120
98 131
58 110
104 131
40 75
45 145
106 110
70 89
9 145
55 97
75 130
7 31
41 72
18 35
63 95
22 93
19 109
40 58
59 93
123 143
44 126
25 56
87 131
61 103
89 107
0 43
58 97
83 140
85 91
53 126
10 141
2 101
41 80
50 118
22 143
87 121
23 101
36 49
3 61
93 110
22 128
12 139
20 62
4 101
9 54
35 110
63 126
123 133
5 64
9 133
82 92
58 93
54 88
45 113
38 114
84 85
16 59
114 131
30 103
38 81
117 137
83 108
62 112
13 42
120 148
88 133
68 146
26 70
21 122
57 60
107 117
3 45
58 139
62 105
74 102
77 126
8 92
85 134
84 126
36 59
71 91
4 9
42 133
5 71
39 84
90 93
13 98
34 50
63 130
72 102
88 147
69 80
0 81
60 96
31 40
42 81
18 104
52 119
49 59
7 47
12 111
12 70
30 53
38 120
15 46
104 128
11 81
90 132
45 114
9 86
103 126
8 40
1 125
10 54
29 60
85 132
92 140
20 113
5 129
79 83
56 61
39 123
34 110
73 142
8 39
68 98
16 117
64 87
