1490277882253593477
150
561
degree
1
68 
11 18
90 117
62 140
34 121
42 87
42 58
3 129
101 126
73 146
3 41
20 110
56 128
19 27
65 142
2 112
25 98
90 134
100 140
53 65
25 47
11 103
12 142
6 130
23 128
7 92
106 135
30 143
85 125
87 98
89 113
20 26
64 96
69 99
104 119
12 129
4 106
89 116
35 90
36 124
51 114
17 49
74 114
31 138
102 144
33 134
4 84
12 74
122 123
15 69
82 133
105 109
13 39
63 66
93 115
25 29
34 105
10 42
19 143
74 143
89 137
55 89
75 79
41 147
44 140
28 112
80 101
32 50
14 72
47 59
82 135
56 125
44 138
56 88
95 127
54 65
24 35
9 24
13 147
111 142
2 62
42 73
22 89
19 29
15 117
23 64
24 89
45 117
66 106
85 112
44 91
21 140
27 86
78 92
16 91
12 126
106 149
33 53
46 131
2 40
76 126
100 102
47 130
41 128
8 71
60 81
60 149
61 72
78 148
68 80
16 104
34 91
30 38
70 146
49 128
7 16
52 122
25 149
61 114
75 98
18 28
48 131
0 120
86 93
106 120
67 94
103 136
3 20
72 141
0 48
37 122
50 56
42 123
60 95
77 110
16 118
83 92
5 120
8 85
31 36
1 96
47 94
50 107
26 43
46 145
69 108
31 132
127 139
43 57
11 97
30 45
39 137
31 48
0 12
119 125
13 81
60 109
49 90
94 142
28 116
22 40
114 121
98 145
10 94
114 128
69 139
109 117
19 108
45 99
17 32
22 24
70 81
76 128
32 107
11 50
60 147
4 65
46 75
100 111
6 51
11 143
16 38
40 107
86 142
12 63
135 146
48 140
51 89
7 30
86 113
46 147
88 108
35 146
3 30
42 72
27 144
59 61
4 35
28 58
10 86
27 104
60 89
22 55
21 146
39 140
91 146
132 144
32 127
121 134
9 34
38 142
140 146
57 106
113 140
112 124
51 149
10 68
50 135
20 142
3 79
0 73
21 104
57 91
13 28
10 89
45 46
34 82
70 143
26 90
7 112
35 105
41 119
8 127
17 62
9 101
23 127
35 96
22 37
51 120
42 109
77 108
54 63
24 139
0 126
87 143
3 140
3 103
49 93
72 73
101 148
9 135
53 136
29 42
44 68
27 142
119 133
25 132
16 80
27 44
6 27
27 75
13 78
9 114
8 64
113 134
29 101
110 135
30 115
7 42
118 140
99 128
64 73
19 122
1 9
17 35
28 92
124 138
41 86
69 128
124 131
31 37
40 91
14 56
49 92
15 79
14 112
62 64
85 99
55 92
66 121
52 147
36 88
9 70
7 88
41 72
61 117
11 137
101 142
1 60
101 141
45 61
23 70
112 146
62 144
31 116
88 137
81 111
15 27
92 145
21 99
109 120
94 101
58 145
119 126
8 77
14 47
7 94
77 131
69 120
85 120
48 95
110 120
112 127
14 146
23 33
119 141
70 110
4 103
46 87
41 114
41 56
104 137
34 50
69 78
20 112
7 110
40 130
48 56
13 83
78 88
42 102
26 50
85 129
14 116
22 26
121 124
52 102
13 117
20 79
24 87
38 40
139 148
38 118
103 146
41 136
47 141
0 109
51 100
54 103
31 54
79 114
47 49
55 99
53 102
37 83
7 54
9 26
67 97
98 107
84 85
10 29
25 78
84 128
95 101
27 51
48 135
88 90
0 133
80 115
59 126
144 146
6 77
0 32
91 131
11 124
8 55
108 133
129 132
55 116
28 120
62 95
8 58
95 106
44 47
32 81
17 145
63 111
2 87
37 124
66 108
45 58
59 130
17 141
13 93
2 86
89 148
24 85
29 96
65 70
23 119
9 87
9 37
97 136
65 141
79 140
55 103
0 128
0 49
59 92
2 104
67 124
80 81
11 36
57 127
6 100
10 31
102 122
53 135
102 127
7 36
27 77
14 140
51 96
83 139
28 94
59 83
46 78
129 141
32 93
12 96
8 121
11 44
19 131
8 96
68 146
48 141
18 49
85 96
18 67
48 104
90 115
89 139
37 46
30 81
44 88
19 125
54 140
26 99
10 48
25 37
41 43
27 88
76 108
7 129
9 55
57 72
7 114
131 145
51 102
84 111
79 147
1 11
26 68
66 69
12 136
58 112
16 108
72 87
76 112
38 62
115 139
111 119
63 129
16 30
42 84
29 87
32 55
95 120
29 60
116 121
40 86
18 31
9 115
31 80
27 135
0 81
23 61
34 67
32 94
80 114
19 66
1 68
9 51
105 107
69 97
55 57
68 129
2 81
15 141
3 109
5 45
133 134
112 114
28 99
58 94
4 68
7 84
79 133
82 95
19 136
31 98
37 121
29 86
51 128
11 118
63 74
91 126
51 54
101 146
43 45
5 135
93 149
88 149
32 43
37 111
19 46
73 113
66 128
58 77
1 101
4 72
47 129
23 87
85 133
32 130
12 52
25 107
50 122
24 90
68 78
26 76
79 85
10 75
102 117
12 148
43 148
0 111
16 142
43 109
93 123
15 51
60 68
74 75
129 131
3 94
1 123
4 120
60 94
83 116
129 135
67 102
45 59
76 137
101 122
89 146
104 110
31 105
44 56
104 117
93 141
36 43
3 24
18 128
103 107
45 88
43 63
111 116
90 124
125 149
111 120
47 90
76 147
0 85
35 84
43 68
23 54
63 72
34 143
121 135
36 44
110 136
11 43
118 120
38 122
50 53
41 106
110 124
16 62
46 104
34 49
75 100
75 136
89 98
49 102
15 25
50 105
42 65
82 105
84 96
135 139
64 143
103 110
28 142
65 82
45 65
111 124
48 116
21 68
14 34
42 69
62 100
35 65
58 68
45 107
33 56
86 106
19 62
94 136
81 90
38 124
97 117
44 55
112 147
56 63
21 44
0 23
32 123
39 41
26 36
26 82
53 142
40 42
49 59
79 110
55 120
93 110
3 106
16 147
40 56
39 68
59 84
67 84
45 126
69 113
31 49
6 68
59 98
79 146
48 93
95 125
81 86
80 142
144 149
10 105
46 79
62 93
48 85
46 93
27 43
24 120
11 106
29 85
28 55
20 80
16 68
35 106
4 9
26 37
