1490277882408466848
150
561
degree
1
18 
6 149
93 112
20 56
72 116
35 102
19 79
72 127
26 92
30 145
48 118
59 90
27 83
43 140
85 101
40 149
53 100
7 125
77 127
74 79
14 141
48 137
41 86
54 139
42 104
14 26
14 99
12 38
56 109
32 69
57 95
40 101
37 76
14 25
32 38
25 88
10 123
132 137
61 134
13 113
61 138
22 48
60 107
21 103
117 132
6 98
63 66
13 20
124 126
28 58
7 25
3 56
35 76
36 70
3 140
19 126
119 144
118 125
138 144
51 80
70 147
49 127
48 131
2 130
7 16
92 102
35 89
28 110
101 102
38 57
41 79
140 148
62 99
92 107
27 37
46 132
72 91
102 111
78 88
8 104
5 142
97 126
107 109
32 145
121 123
61 120
5 18
31 48
34 60
127 139
8 10
94 115
52 138
54 130
14 116
17 104
52 140
86 121
107 121
51 101
11 15
42 50
5 47
0 8
132 142
16 146
29 134
115 149
48 84
56 70
45 58
28 42
50 82
122 148
8 105
108 130
67 68
103 104
5 73
8 129
81 90
23 66
12 36
67 79
1 127
114 126
28 71
63 70
82 96
102 112
4 44
16 100
106 145
124 143
55 94
9 103
75 97
64 124
4 74
37 90
28 33
55 136
24 54
15 71
20 135
52 87
103 128
39 92
7 133
65 129
8 144
43 130
69 134
3 131
79 110
3 16
19 134
83 85
5 139
57 109
101 108
123 146
10 67
56 81
23 141
73 104
72 129
10 71
46 123
14 57
16 32
50 114
103 139
87 121
35 141
20 129
106 123
97 137
68 141
73 148
82 149
17 79
60 122
36 98
22 67
4 25
16 92
106 115
17 74
29 47
12 51
53 69
110 140
51 63
44 96
93 133
61 111
77 145
99 140
15 82
5 127
12 79
3 125
35 97
107 110
44 94
112 115
37 56
85 95
31 68
42 54
71 99
111 142
27 131
49 65
18 111
25 131
83 84
17 70
55 117
16 97
23 120
92 146
12 15
20 96
18 136
17 67
4 71
47 72
36 61
14 51
87 130
79 95
24 94
98 108
124 149
55 134
8 113
23 24
130 139
23 31
91 135
45 83
49 109
139 145
46 143
3 119
128 145
41 65
12 76
124 125
7 83
92 94
44 47
34 48
24 143
0 22
26 112
86 123
38 89
30 38
0 138
30 149
71 130
66 124
32 148
39 71
71 88
20 108
50 60
105 130
84 119
132 147
75 99
0 121
2 76
98 148
7 120
39 96
91 114
26 73
42 122
14 20
13 70
94 131
84 140
53 142
22 147
22 142
77 135
35 72
7 65
4 66
44 73
37 87
76 87
31 125
91 122
0 81
95 104
135 136
36 92
23 107
36 75
6 129
125 128
30 128
77 105
28 128
15 130
27 57
114 117
98 111
82 143
79 108
62 97
95 141
4 126
17 33
38 136
22 96
19 27
28 89
67 93
11 25
123 138
52 88
12 21
1 2
10 48
36 55
3 129
14 21
93 132
49 93
15 61
28 50
139 149
55 95
64 75
17 23
14 109
83 105
97 105
51 106
20 134
94 112
63 89
111 128
33 122
9 45
18 116
15 133
10 94
50 143
58 62
4 21
19 118
62 134
25 99
6 140
64 107
8 141
48 82
22 74
75 92
8 57
4 57
70 82
95 135
51 121
8 56
52 100
5 101
16 51
40 98
57 97
60 71
11 19
136 143
137 138
29 100
91 100
118 147
1 113
110 137
52 81
105 136
90 96
53 82
75 79
53 71
52 101
15 74
39 114
2 15
14 137
21 149
10 84
10 16
81 84
21 105
48 120
57 83
110 149
16 21
15 148
27 86
49 114
38 77
8 103
1 19
20 51
72 90
9 82
8 53
71 86
40 81
6 13
28 30
63 120
3 110
18 21
108 109
37 133
118 139
92 100
7 143
37 120
21 65
31 123
64 69
6 146
51 95
18 145
30 90
118 120
51 56
110 136
96 149
5 7
121 133
56 80
25 79
106 131
68 135
53 131
21 42
32 101
59 94
34 138
18 24
56 131
25 32
99 147
68 126
16 73
64 67
39 108
99 124
10 37
107 112
84 149
8 75
111 127
18 87
35 138
102 108
107 141
52 93
47 62
51 60
57 76
117 140
9 63
51 129
74 116
19 71
89 128
97 136
110 122
46 61
0 85
12 46
67 89
15 18
58 74
1 45
16 60
64 122
6 109
29 93
21 100
26 145
112 131
20 93
68 91
62 64
73 103
25 138
65 142
109 133
67 99
8 63
45 111
15 54
116 128
39 50
66 119
35 62
1 20
49 67
64 135
0 101
48 68
31 38
44 125
35 146
56 82
74 94
10 44
23 124
115 139
53 88
65 116
85 99
65 149
38 139
92 137
26 84
24 60
9 47
7 135
14 47
24 27
56 90
50 74
119 126
91 131
42 143
13 87
30 43
86 149
49 82
5 134
117 145
91 103
18 106
101 139
72 76
46 76
25 29
14 142
121 149
26 119
45 142
100 127
37 80
10 61
38 143
24 113
80 144
0 96
126 138
18 148
14 140
0 34
80 115
39 140
22 61
18 29
71 101
64 102
46 130
116 136
59 117
20 52
132 139
17 65
13 27
3 45
3 96
55 132
128 148
36 46
22 73
69 112
0 30
36 142
4 96
7 49
43 96
1 89
1 122
91 109
7 134
39 44
23 111
81 91
49 102
35 75
6 29
31 105
38 132
96 135
41 84
49 115
42 55
43 126
47 106
106 109
72 136
97 99
40 68
79 121
2 147
10 40
69 82
72 77
76 88
46 113
74 80
3 53
51 104
87 89
47 95
95 138
49 138
20 28
95 110
55 74
18 143
26 91
77 86
30 91
4 95
12 85
7 45
68 99
104 145
19 77
12 137
43 139
24 109
10 18
90 137
59 145
33 100
43 73
94 98
121 134
56 142
137 143
98 121
91 117
4 39
0 24
57 105
100 134
85 146
93 118
26 136
77 124
22 54
37 71
67 95
58 80
9 107
28 102
31 56
98 124
18 146
70 78
23 115
2 94
4 125
1 43
25 148
23 55
1 21
11 129
61 126
44 110
50 72
94 106
143 145
69 108
11 140
54 121
61 123
