1490277882610153360
150
744
degree
1
97 
75 110
60 134
44 45
137 138
59 106
40 102
28 54
27 121
42 126
1 60
49 133
39 137
1 106
54 131
44 93
26 142
2 42
69 144
95 123
12 47
4 131
93 118
24 67
132 138
76 126
1 75
26 107
55 107
69 107
78 97
5 122
37 71
63 121
1 90
46 124
67 126
10 51
24 99
13 78
77 97
12 128
34 87
57 100
45 105
71 147
15 55
55 73
24 136
34 64
20 146
79 147
46 94
108 145
38 112
67 104
118 149
61 134
67 97
1 114
1 44
117 147
126 149
6 127
0 99
34 97
51 54
63 82
29 79
39 133
71 77
86 96
5 126
15 125
12 29
3 74
29 129
108 132
52 98
0 130
68 123
23 133
52 143
39 147
119 121
30 81
9 48
11 105
12 142
10 59
62 149
33 100
10 18
7 139
63 108
18 31
43 52
42 53
17 73
27 46
40 121
110 135
1 109
123 128
78 83
7 48
77 115
9 63
56 149
8 130
8 38
51 52
3 107
16 68
13 103
25 32
38 41
81 103
37 84
58 80
10 88
65 106
119 120
33 146
78 86
20 74
83 101
23 113
25 128
44 66
23 36
58 74
12 22
72 108
92 115
35 125
133 148
83 140
50 89
6 48
19 111
44 85
50 97
19 112
21 121
33 70
14 64
47 91
116 132
73 141
61 77
11 31
57 122
57 87
125 148
5 131
56 121
53 71
16 97
104 113
57 144
50 99
45 59
34 60
57 65
61 89
27 108
93 122
100 144
55 80
4 126
30 143
48 78
3 29
63 111
65 147
41 88
68 112
49 68
40 122
78 84
7 77
35 129
7 104
8 101
22 77
38 55
77 111
76 127
117 122
109 141
114 138
67 106
59 145
12 84
76 111
94 107
75 145
95 116
27 57
48 92
16 31
97 136
52 97
87 149
12 145
44 110
37 39
22 105
30 39
63 137
115 134
133 146
22 112
19 43
52 85
97 130
12 33
10 25
50 104
30 124
121 126
70 74
58 145
126 136
22 134
12 23
3 34
82 96
70 126
49 85
51 57
69 136
62 99
39 82
17 58
104 114
72 104
49 128
2 34
14 97
24 81
32 113
64 96
15 118
74 117
14 44
31 138
59 66
44 136
30 54
40 95
4 127
48 54
110 140
42 60
42 99
8 92
32 111
98 126
14 28
45 65
70 91
128 145
78 115
3 24
16 147
2 62
4 68
33 119
101 125
79 85
22 64
19 139
10 29
26 49
71 94
1 20
41 75
84 89
5 119
55 136
54 57
69 97
60 148
94 108
104 115
7 98
28 38
6 147
19 118
56 72
18 76
25 137
49 113
91 117
97 99
114 139
109 112
67 87
80 84
53 119
23 73
6 138
98 148
21 106
49 76
42 67
31 36
6 29
9 43
24 149
37 129
35 51
30 35
95 129
42 91
134 145
8 46
31 46
69 78
101 149
32 80
1 6
65 74
74 91
31 136
102 145
71 101
64 73
12 13
10 147
85 124
2 54
107 137
15 72
133 139
74 147
14 75
31 140
111 124
119 125
41 47
68 81
37 46
73 94
42 133
26 67
72 121
74 89
36 91
130 139
96 122
70 136
61 98
36 83
71 105
54 142
13 35
43 87
5 132
3 92
27 43
89 125
84 114
0 72
21 104
6 20
62 138
7 103
22 28
33 124
36 86
19 40
42 71
114 122
29 99
42 62
80 132
9 35
16 60
7 40
16 29
104 108
89 144
22 110
62 134
1 9
10 35
0 51
73 104
57 118
34 51
13 77
9 44
102 117
104 107
42 54
21 85
90 98
51 53
2 32
21 81
8 148
88 136
13 17
49 84
12 106
14 22
97 112
128 132
95 131
7 8
101 116
5 64
0 96
20 109
50 130
49 55
119 124
123 142
20 103
3 109
61 100
17 117
56 136
25 58
51 139
24 37
51 127
114 129
48 145
49 103
52 90
29 44
44 59
48 135
60 121
24 97
27 91
18 85
23 144
13 31
10 40
50 132
75 108
23 66
119 138
94 137
108 148
95 103
46 71
73 137
66 146
94 147
41 139
21 74
21 135
116 129
27 44
112 117
122 124
42 44
111 119
9 112
69 105
79 102
21 136
20 125
18 49
15 22
37 89
23 75
19 101
32 49
75 89
63 144
26 124
97 133
36 113
72 100
60 69
65 87
90 101
16 76
22 117
55 96
114 120
38 73
0 55
49 117
11 57
70 124
1 131
8 94
18 53
26 89
11 129
64 141
13 62
44 115
15 16
19 39
90 140
97 102
37 88
19 22
39 62
66 118
96 136
53 136
17 143
23 96
28 128
11 94
122 143
20 22
30 76
122 129
3 13
14 37
143 148
47 100
89 124
62 76
97 98
75 115
54 84
58 95
35 101
71 146
79 84
0 65
126 127
98 124
22 80
30 109
29 117
25 134
22 142
10 139
108 116
24 73
50 90
43 113
22 53
31 133
57 138
21 141
105 117
38 98
21 127
8 28
53 148
23 27
58 88
22 97
113 120
97 107
45 128
80 92
94 118
32 142
20 71
26 136
28 72
15 43
24 110
66 120
66 121
43 62
14 143
93 116
58 78
15 109
28 56
12 76
58 98
74 108
7 22
47 86
32 96
16 85
111 126
45 92
121 128
42 102
51 87
42 144
78 109
13 72
44 141
92 118
21 142
2 53
44 149
5 23
29 87
56 109
58 124
38 49
15 39
126 128
76 122
48 141
111 139
9 143
113 125
20 48
48 72
53 131
25 62
71 122
35 123
64 105
33 113
42 124
26 123
8 26
11 38
130 132
4 64
15 23
57 121
103 120
125 136
27 125
93 114
18 127
5 38
118 138
26 106
17 79
46 91
0 45
35 96
32 114
42 88
96 102
8 137
95 147
87 94
42 50
31 51
30 43
40 132
0 49
14 39
1 54
50 63
37 65
30 34
12 89
118 125
115 146
35 50
56 61
83 123
53 74
36 138
28 144
35 37
60 88
85 96
30 108
18 70
134 138
35 81
12 117
10 41
44 79
53 132
61 146
41 86
23 42
4 31
35 141
47 82
120 123
31 85
118 133
3 143
16 36
41 64
21 28
83 118
59 74
43 111
11 132
6 146
23 97
32 63
21 69
41 50
70 142
28 130
28 102
19 146
86 147
28 117
113 148
79 131
17 59
98 111
31 45
23 103
0 74
12 35
94 106
48 66
27 123
22 81
112 142
65 85
89 97
1 62
5 117
16 63
100 126
41 130
87 136
22 71
56 110
82 131
84 118
90 109
49 67
15 131
14 67
110 124
31 68
62 116
92 131
18 21
28 114
28 85
37 62
24 102
43 81
12 135
44 124
94 136
30 65
105 106
41 143
104 123
77 83
8 42
100 112
97 105
3 141
1 46
66 110
77 107
82 132
83 124
45 86
33 64
2 148
5 37
6 100
29 43
79 103
8 113
40 130
35 103
22 49
38 90
39 120
2 79
54 103
20 55
63 147
69 75
30 116
46 123
121 145
34 117
0 118
33 136
3 103
93 138
54 120
46 138
29 71
9 90
133 137
0 34
88 139
58 63
88 99
17 45
21 56
134 140
29 74
23 51
2 90
88 111
13 70
29 41
100 102
3 22
33 35
3 87
90 145
2 76
96 149
85 116
40 94
42 123
88 97
51 142
92 100
120 126
95 119
69 113
47 137
5 83
25 142
34 82
117 120
89 110
121 132
24 35
80 137
15 79
59 148
45 131
33 84
9 107
71 124
35 87
53 143
64 144
81 83
1 67
29 141
4 125
6 133
112 136
4 41
139 143
117 143
29 121
30 96
107 116
110 115
104 127
44 100
96 133
34 55
45 88
87 88
30 50
62 128
4 11
47 106
84 117
104 132
80 104
123 139
30 91
