1490277882304788319
150
561
degree
1
42 
114 131
80 130
73 124
70 130
91 104
25 72
52 57
9 122
34 140
78 79
56 143
50 131
83 130
41 51
6 21
30 71
26 74
12 28
25 94
94 127
95 126
110 119
50 60
41 104
132 146
52 113
6 12
72 146
42 48
6 131
24 145
5 10
30 47
48 90
17 69
85 133
107 144
15 35
15 20
34 66
34 108
11 65
5 53
54 95
55 80
34 80
55 65
27 116
142 143
15 107
23 134
7 61
37 87
13 119
14 98
85 112
72 82
79 118
15 84
42 100
91 119
24 32
56 104
16 76
35 50
41 148
39 143
22 141
103 117
103 111
50 86
85 144
36 70
98 137
138 141
75 99
99 121
15 55
105 132
36 136
38 108
55 97
123 137
45 94
1 33
61 101
2 113
64 66
5 103
51 100
77 121
1 75
65 90
10 27
62 140
39 117
4 29
31 100
73 127
55 81
77 135
38 98
98 127
51 75
32 101
57 73
30 95
107 129
1 106
96 107
63 109
73 126
113 141
139 147
0 128
34 118
26 87
27 122
4 113
32 39
110 147
26 115
3 118
9 93
50 115
17 81
125 148
59 106
88 125
110 149
17 19
54 102
21 23
97 109
49 74
34 120
68 93
76 137
92 147
40 77
128 132
58 145
18 86
87 89
8 35
44 135
46 115
45 67
43 122
77 105
62 107
43 139
129 149
37 79
32 139
4 71
36 132
54 135
23 46
52 139
48 140
36 66
114 122
36 62
19 85
39 81
93 104
8 140
17 36
12 131
39 97
13 65
80 85
0 11
123 143
42 126
15 49
26 48
128 148
20 61
2 57
131 147
30 144
36 78
32 90
55 109
74 98
54 147
35 119
16 23
42 149
96 130
101 132
12 129
74 84
1 71
5 25
2 135
17 49
10 110
12 108
71 109
87 120
68 117
65 136
20 45
24 54
82 126
55 99
60 80
20 107
126 145
105 145
109 114
37 65
44 55
90 130
2 78
15 81
70 77
18 133
83 131
51 123
84 139
97 108
30 111
132 136
38 105
20 32
96 121
71 107
27 142
44 47
15 146
76 144
41 68
24 125
72 93
6 9
17 67
76 95
103 113
3 58
38 137
20 30
46 104
12 72
0 88
58 66
104 107
71 123
40 129
42 51
8 141
6 136
145 146
133 136
29 54
20 77
26 49
53 146
119 120
42 66
68 69
27 49
55 71
41 97
69 130
42 77
0 26
10 73
89 139
48 134
23 44
0 42
74 119
1 27
118 133
4 58
63 136
138 139
59 93
49 132
95 129
133 139
15 56
0 105
1 66
37 116
3 100
48 97
53 147
50 120
103 118
17 105
13 83
48 99
42 70
4 65
79 86
52 53
65 76
19 83
66 94
2 146
12 107
39 62
27 110
28 70
5 56
37 96
48 61
4 21
81 101
56 69
83 86
12 61
47 137
16 72
77 89
22 102
116 148
30 43
97 129
29 34
3 8
131 138
7 148
23 54
37 45
17 74
14 95
96 122
59 148
41 80
23 86
43 97
113 144
9 140
28 79
5 50
30 149
53 62
0 65
13 20
137 149
124 141
65 99
69 73
52 55
57 125
82 101
12 101
9 13
50 67
104 137
6 35
20 143
96 111
8 21
18 134
34 38
47 141
80 120
5 47
51 91
43 83
91 149
64 84
68 76
19 142
20 48
42 44
87 146
76 82
17 28
7 73
23 126
99 120
60 98
40 43
55 114
79 142
35 74
38 121
61 146
25 142
66 87
37 123
60 90
41 140
5 66
33 139
34 37
75 84
30 92
29 78
14 31
121 129
1 44
21 60
39 121
62 84
100 140
6 68
47 68
12 23
2 104
111 143
25 144
47 70
39 133
46 120
0 140
19 24
30 116
9 49
96 135
23 140
22 51
6 89
70 145
47 66
57 100
82 113
26 59
49 61
15 120
4 52
3 142
83 117
123 126
57 75
47 131
88 138
77 79
42 71
107 122
53 138
102 133
15 83
75 129
21 141
30 52
108 119
19 78
29 138
43 81
18 88
45 58
97 143
8 132
12 114
89 93
43 124
90 125
13 48
92 101
44 60
32 70
132 144
50 101
76 114
37 127
13 102
38 41
38 140
89 143
46 101
125 139
22 100
42 60
108 127
8 14
15 75
80 118
48 128
83 138
25 28
33 145
14 21
29 139
100 110
124 140
32 52
57 99
39 63
11 35
63 114
72 73
135 137
44 63
145 148
30 104
3 115
79 139
98 147
91 109
46 79
87 102
1 68
3 24
24 50
103 109
126 147
105 149
66 112
3 38
111 127
90 127
29 123
22 127
99 104
95 124
29 119
28 87
80 86
26 36
55 140
22 107
5 110
36 79
0 113
74 146
97 140
79 84
63 81
25 41
3 80
28 138
67 122
89 115
96 113
15 44
67 147
95 117
6 122
106 142
23 139
49 78
68 75
107 145
114 145
45 83
26 101
19 30
122 145
42 143
64 81
93 102
81 106
72 92
18 19
114 138
20 149
45 107
8 83
52 69
8 62
101 138
17 44
18 147
83 106
100 134
25 135
20 49
28 145
63 108
80 132
31 108
3 106
29 46
30 81
25 122
31 129
44 88
114 137
8 130
54 145
119 145
75 135
9 77
29 47
90 91
53 60
45 138
105 118
78 112
55 108
99 114
0 50
5 31
24 88
1 28
105 123
55 103
129 142
49 100
4 105
137 142
42 91
18 146
18 21
64 110
30 142
115 146
42 47
14 111
11 116
120 144
35 62
71 135
29 111
40 68
69 118
34 113
42 61
6 59
88 113
2 5
41 119
14 19
43 75
131 136
23 136
1 31
26 33
30 73
64 115
35 81
70 86
44 121
61 78
135 147
31 122
5 15
89 121
25 147
28 58
56 86
52 63
95 137
7 65
59 147
10 124
42 121
79 87
23 72
123 147
49 98
67 76
67 83
85 111
64 124
36 128
36 76
109 141
33 82
22 58
57 65
20 112
107 149
37 80
108 133
95 123
3 15
42 112
119 143
102 147
144 147
116 136
107 146
43 110
26 104
66 144
117 121
116 137
3 149
38 127
48 86
7 44
2 36
129 137
73 84
20 39
49 95
24 41
77 140
43 130
4 81
45 91
13 31
