1490277882433361387
150
561
degree
1
135 
62 98
8 115
72 149
83 115
2 133
1 57
97 100
43 118
81 101
16 148
20 46
45 99
45 82
126 127
91 147
44 112
91 114
20 141
54 80
6 26
33 36
6 135
37 78
31 64
136 142
0 34
49 53
32 128
112 127
11 101
6 136
74 118
45 135
20 149
84 138
22 141
64 131
13 39
64 129
46 97
41 87
22 136
36 89
25 48
40 47
28 40
37 91
73 106
69 92
29 66
15 67
69 106
82 118
114 120
7 138
121 141
16 28
21 140
30 39
52 133
61 130
44 85
35 130
83 130
30 88
122 124
71 134
114 137
15 32
46 144
7 70
49 58
35 82
10 29
48 57
5 110
34 145
41 58
21 120
34 61
87 120
39 113
39 141
33 87
54 63
79 148
19 121
73 134
98 120
132 133
25 148
123 129
60 67
58 134
87 129
17 23
22 27
62 126
76 80
54 86
68 89
24 44
57 102
86 123
9 56
123 125
41 96
103 120
70 147
1 49
34 42
122 137
108 131
27 98
2 11
95 118
21 66
93 129
2 139
65 99
9 101
9 45
14 87
53 128
21 23
77 113
29 55
52 143
18 95
3 16
1 109
12 122
90 121
38 86
5 71
89 105
4 31
75 88
5 94
104 113
50 136
30 51
88 146
56 59
69 111
77 119
64 117
27 116
27 107
84 126
86 144
23 41
110 130
27 63
51 104
31 86
118 125
85 97
90 104
0 18
52 85
34 118
71 121
99 105
120 124
7 98
50 91
9 19
54 146
41 48
31 136
26 73
21 57
86 114
1 102
28 55
47 103
26 143
85 135
63 145
16 17
80 148
1 99
69 94
77 110
74 81
52 80
64 100
62 130
84 94
43 56
73 105
11 118
60 93
69 129
28 127
27 68
20 38
12 27
18 103
26 60
81 125
107 121
120 133
5 135
0 90
36 78
22 123
78 130
112 121
7 117
53 130
9 21
42 125
43 138
58 67
12 81
121 131
67 77
34 47
93 97
43 85
7 137
46 81
3 28
106 114
120 135
29 147
46 123
33 124
14 125
7 46
40 88
94 120
5 139
88 96
50 99
46 84
3 68
79 125
11 89
58 95
63 89
0 128
45 94
68 102
95 139
136 149
69 107
110 117
127 130
52 148
8 36
72 119
109 124
27 111
88 98
101 116
23 110
105 119
60 118
23 30
3 123
14 89
21 35
137 149
56 149
100 141
5 22
49 50
2 130
47 101
82 129
42 86
1 44
66 88
9 141
51 78
113 130
100 115
16 27
88 104
29 42
5 147
75 101
58 135
108 135
105 107
6 59
94 124
60 135
26 117
1 8
46 69
41 84
15 59
11 120
60 77
75 85
62 81
3 99
52 108
81 149
0 13
41 68
28 100
81 120
8 52
38 132
37 120
91 126
73 148
80 114
20 83
111 121
94 123
92 101
16 44
90 123
45 107
19 71
119 144
59 127
16 80
16 142
29 98
58 105
54 77
0 109
81 109
42 145
61 72
51 124
29 97
37 93
97 114
43 106
5 115
104 118
69 148
4 68
62 110
15 69
1 144
83 84
85 100
62 68
53 139
97 116
7 146
75 89
4 69
24 61
0 127
15 105
23 25
4 91
112 132
17 88
115 142
42 127
18 65
118 119
4 108
32 116
20 63
99 109
61 109
94 96
53 54
51 134
90 108
11 133
116 139
2 7
39 57
73 121
15 57
28 115
33 41
25 68
27 54
72 74
107 115
58 149
90 101
98 136
119 130
135 137
77 115
68 94
66 114
34 135
19 136
41 134
57 148
28 101
62 109
65 76
40 83
117 135
19 48
52 139
64 89
29 69
27 70
88 100
1 11
90 114
2 70
47 144
63 88
41 64
78 105
76 109
1 91
93 95
48 74
96 127
44 149
112 143
68 123
78 91
25 30
62 108
25 115
47 61
27 76
73 87
66 129
9 110
87 136
117 137
10 78
34 142
1 62
38 120
9 57
34 76
28 102
16 63
115 125
64 116
50 143
79 117
111 144
2 143
105 110
65 126
64 115
12 72
35 131
20 135
55 123
17 113
0 86
23 120
35 55
82 86
5 145
87 128
15 119
25 76
73 92
59 148
28 145
4 7
67 130
102 104
65 98
91 105
25 79
133 146
113 131
103 144
10 82
28 50
51 52
4 144
1 89
58 73
16 129
23 61
40 93
42 139
9 140
34 133
4 55
131 134
57 143
16 141
61 129
19 62
60 127
54 110
62 120
6 67
42 55
94 107
40 41
40 131
131 135
74 146
113 119
84 90
10 96
35 132
77 98
7 59
56 62
26 98
41 106
21 142
82 136
65 143
42 104
2 22
87 134
2 13
68 87
30 87
40 132
90 146
4 145
2 102
84 130
13 111
54 129
48 84
102 109
66 138
40 65
11 136
15 25
55 77
67 113
124 133
4 80
66 131
74 79
15 17
7 116
4 146
36 147
21 72
11 23
64 122
73 143
47 64
54 79
33 62
25 84
86 132
9 13
56 141
71 72
64 86
24 116
49 118
15 44
55 68
49 83
31 98
25 135
81 115
52 117
62 86
43 108
21 31
2 74
28 36
10 28
19 89
0 70
39 84
22 67
36 87
33 129
80 100
23 45
110 124
49 59
37 69
4 140
87 96
36 116
124 128
61 97
27 87
35 104
66 107
71 103
12 62
95 102
43 105
120 123
28 142
9 138
39 93
26 94
59 124
18 27
54 138
86 129
11 134
36 68
68 117
44 81
140 145
3 146
123 142
3 144
25 112
56 114
3 149
99 127
10 45
35 98
9 146
9 11
30 128
8 138
65 135
72 141
11 41
65 95
50 76
59 140
51 126
86 118
47 106
98 122
42 91
53 89
46 76
115 132
8 110
51 70
31 148
68 128
16 47
7 63
73 137
107 113
20 133
16 55
10 128
9 25
7 54
12 119
24 113
0 21
28 135
85 134
54 111
107 131
28 137
65 104
32 88
50 108
13 143
101 124
83 142
0 125
7 99
88 124
25 109
31 124
79 93
59 147
89 108
41 63
96 135
82 102
40 94
39 97
58 94
95 96
28 149
43 122
11 35
145 148
51 68
99 135
48 129
13 92
26 141
132 147
5 20
107 124
