1490277882887134402
150
930
degree
1
128 
28 41
29 117
102 105
34 38
59 139
5 70
10 98
89 136
48 83
44 120
113 131
52 143
104 136
33 56
1 30
107 146
59 143
6 31
13 148
45 117
77 127
5 104
18 54
3 32
55 70
16 76
30 141
57 98
5 40
108 113
66 86
43 129
75 96
114 147
56 76
103 136
37 98
125 132
65 132
35 56
48 80
29 41
90 121
43 62
26 34
72 86
106 126
139 147
69 112
19 99
110 126
15 104
27 137
102 143
48 67
46 96
51 136
139 142
18 99
85 135
34 149
79 98
6 99
72 91
20 60
15 74
67 129
19 95
3 38
62 104
97 103
57 81
22 58
75 79
0 69
23 146
142 148
52 67
10 130
22 73
64 114
28 130
0 23
85 130
91 92
59 115
35 108
66 132
13 79
17 125
14 118
52 128
61 121
10 27
95 131
30 70
17 44
67 109
17 141
22 93
12 21
43 68
23 33
115 138
42 148
72 123
21 88
19 85
73 137
2 102
133 147
10 126
72 127
25 124
3 128
88 128
39 73
62 82
9 110
47 125
100 111
20 84
7 16
71 91
22 124
31 94
24 146
50 143
31 36
96 116
68 111
14 26
70 84
101 137
25 87
98 140
62 121
74 122
63 93
108 144
4 38
55 119
53 149
69 145
32 134
8 65
49 58
23 78
11 70
11 105
66 81
93 109
91 112
38 112
11 132
34 113
76 104
54 97
29 65
58 149
57 141
118 137
40 65
86 115
35 111
33 129
79 84
31 118
5 20
23 127
17 140
92 103
15 102
21 45
18 86
22 60
106 147
87 88
56 109
59 82
64 136
31 49
32 38
130 135
70 112
62 70
36 48
78 92
55 139
70 118
67 126
83 129
90 134
100 140
19 114
36 129
93 148
38 89
18 80
10 139
68 104
3 83
11 134
28 134
31 78
30 86
93 114
29 103
30 115
36 135
58 125
0 20
70 98
12 47
64 93
25 28
18 130
42 119
14 88
3 139
71 98
29 69
45 65
0 36
48 96
4 70
4 136
40 127
18 57
21 48
81 116
11 147
7 31
74 76
3 119
39 81
132 133
13 106
81 120
14 15
6 59
63 73
33 137
29 108
5 103
0 128
128 132
22 98
27 97
15 43
27 103
4 86
2 12
99 123
49 106
30 53
84 117
2 79
99 125
10 123
0 81
26 29
89 114
53 105
6 47
10 91
36 45
24 73
58 87
10 13
83 128
5 26
14 21
9 15
27 115
112 117
29 122
126 146
39 64
28 114
91 94
46 83
86 98
89 135
10 81
25 40
18 81
2 37
6 45
27 32
47 91
27 140
125 142
43 54
2 91
60 128
39 68
97 130
5 145
16 127
10 117
23 98
67 121
14 24
29 44
84 112
15 141
93 143
103 104
33 89
75 105
55 146
88 125
0 47
6 82
4 6
100 129
47 86
41 96
37 50
8 73
53 112
56 68
80 135
16 113
15 66
89 142
118 144
99 129
120 146
8 103
96 124
27 76
64 89
61 115
32 121
4 123
3 143
42 87
38 93
101 145
54 60
47 130
29 74
105 116
62 73
7 36
14 83
97 129
26 53
65 97
12 146
45 51
4 131
68 112
16 91
57 144
45 126
69 82
19 105
54 70
108 134
62 96
9 125
6 104
42 59
4 115
24 92
24 102
38 68
44 133
20 78
132 140
11 104
48 65
75 91
34 68
125 131
31 121
32 144
40 84
23 58
77 93
25 47
15 128
7 110
11 53
104 144
57 77
82 139
120 129
29 68
21 91
104 143
118 146
102 134
29 50
87 124
44 60
76 138
53 55
25 76
9 54
31 38
102 128
28 132
37 89
32 130
16 116
32 75
23 46
6 129
95 123
49 94
86 144
35 100
48 70
4 114
42 44
88 96
33 74
19 21
60 62
104 132
33 42
57 137
91 140
113 133
51 138
61 139
19 128
10 34
97 145
31 137
26 35
1 46
23 92
26 138
78 87
18 62
2 68
52 135
2 149
10 122
99 105
19 84
25 115
29 119
105 139
45 122
31 114
51 134
19 71
74 126
44 140
30 129
42 53
65 113
64 130
81 119
7 39
20 103
28 39
12 37
30 78
6 119
36 106
87 118
30 85
113 121
15 62
133 137
82 101
31 132
19 110
44 107
105 120
20 33
31 34
68 141
15 96
26 43
101 113
80 138
18 23
87 140
2 126
119 142
34 79
25 91
40 71
4 37
75 148
10 47
56 75
116 128
26 146
10 114
16 122
107 110
100 108
104 141
55 113
36 67
0 41
19 27
142 145
62 74
2 39
53 97
53 69
73 81
74 109
99 144
27 33
77 98
98 131
27 46
63 85
29 37
18 139
3 124
67 96
17 38
76 113
19 130
28 144
33 123
111 121
47 119
63 84
44 52
20 28
38 98
88 126
70 109
8 120
132 141
77 82
34 125
112 115
50 98
88 94
83 93
66 123
41 42
49 55
98 118
12 73
117 118
25 138
7 69
8 107
24 81
97 115
38 147
71 142
46 106
115 121
88 109
17 74
73 97
121 140
35 81
102 109
34 83
11 61
47 116
84 137
0 15
73 121
49 120
80 88
126 141
21 139
78 118
39 147
17 83
39 120
16 31
45 75
88 145
84 90
64 111
82 106
68 80
47 122
115 149
15 149
19 109
4 106
46 141
81 88
12 33
16 56
53 56
19 74
3 74
144 145
37 58
12 32
62 75
73 101
31 85
77 117
58 115
17 41
101 141
92 119
99 146
56 92
136 148
83 114
20 41
25 106
51 126
54 125
17 121
99 131
97 127
29 96
9 24
19 77
57 85
29 82
66 140
37 101
19 31
22 46
2 17
24 95
96 138
18 138
3 103
56 128
32 124
43 132
33 38
68 88
26 30
68 130
50 71
64 101
45 118
86 123
14 16
9 101
33 95
56 94
113 123
85 105
22 63
74 93
37 52
48 93
74 79
32 133
59 70
107 128
31 61
81 95
64 144
50 104
26 56
101 126
66 107
78 95
26 68
9 84
7 97
37 67
2 65
67 133
65 79
95 124
25 58
7 105
37 90
92 113
61 103
79 103
19 96
33 87
94 131
109 113
28 143
49 139
31 102
7 108
4 97
21 100
47 124
74 112
84 140
25 127
43 85
0 58
74 81
102 103
120 147
67 135
25 129
68 122
43 114
5 11
18 90
101 121
47 123
21 94
68 82
9 103
4 146
62 81
15 53
13 137
16 96
108 136
141 147
8 79
43 119
16 95
94 128
84 97
69 72
33 99
44 136
29 128
50 73
63 109
28 95
29 109
76 110
88 98
111 127
72 90
38 87
90 106
76 96
9 120
36 70
83 115
56 114
23 103
47 72
78 99
30 94
67 148
112 142
45 131
68 93
37 131
57 127
3 28
83 97
48 71
51 80
75 89
5 90
17 128
86 137
90 130
92 130
30 132
76 118
56 138
8 58
72 114
97 119
16 147
34 134
51 117
0 109
42 61
23 31
21 36
11 100
127 128
92 126
93 141
14 149
106 135
74 95
47 137
109 123
88 147
7 60
63 124
77 78
41 91
3 63
115 119
35 88
5 84
30 125
29 86
65 96
14 128
73 128
48 92
87 146
38 104
60 111
76 108
86 122
68 77
58 92
12 135
38 44
2 144
74 85
46 122
36 41
82 128
15 39
96 113
46 63
84 120
36 118
15 63
42 91
14 109
55 101
87 149
4 14
29 77
101 106
76 82
33 106
20 105
11 90
102 116
85 148
17 101
43 110
81 89
93 131
59 86
79 110
40 64
15 107
13 21
54 132
96 142
3 81
47 56
117 139
33 59
14 27
27 112
27 109
11 12
95 112
4 35
9 133
44 128
6 40
1 78
35 59
49 50
86 116
0 16
73 138
138 146
13 52
34 48
23 95
51 104
101 139
128 130
19 83
55 74
74 103
26 109
74 101
28 52
68 86
37 82
62 105
125 140
7 145
52 130
49 135
72 142
102 133
31 60
108 110
113 137
96 110
51 128
6 110
53 131
29 52
64 147
20 26
33 62
7 98
56 108
34 57
76 141
21 60
122 143
43 121
17 49
17 35
13 111
31 98
28 49
34 49
8 78
43 140
54 117
6 101
93 117
9 143
111 135
32 85
114 124
9 139
127 148
124 134
30 61
26 36
94 149
102 119
27 144
56 100
109 118
60 133
63 106
79 108
91 115
47 99
4 103
4 93
6 81
12 92
75 125
3 93
41 116
61 79
7 47
68 105
37 92
58 139
10 78
32 35
16 24
15 133
11 42
44 88
128 140
20 22
15 92
23 120
4 46
79 82
91 141
56 96
8 131
73 144
144 147
111 142
68 149
10 99
122 141
61 124
74 113
3 12
20 27
89 121
44 97
39 69
0 55
0 77
27 81
104 134
81 105
26 41
70 95
29 95
57 142
24 106
56 143
29 99
47 84
130 134
88 89
46 58
43 52
96 103
21 123
16 55
109 124
29 66
93 112
97 123
0 116
89 108
1 136
11 131
73 100
23 91
118 136
71 115
24 74
13 19
4 59
30 79
63 75
60 146
69 103
74 124
5 132
80 85
34 102
44 75
25 145
0 37
13 30
40 79
94 124
79 91
69 71
52 120
95 102
72 113
7 45
58 72
31 135
3 36
