1490277882382909720
150
561
degree
1
13 
14 45
117 122
12 148
16 23
46 126
101 104
82 97
48 62
98 114
121 131
17 64
35 108
21 110
35 117
140 143
26 49
94 118
57 146
63 120
49 101
60 126
21 149
39 149
92 100
49 91
14 16
14 74
76 96
17 83
49 112
31 103
73 135
103 141
30 118
13 58
6 12
85 94
13 47
54 107
74 87
39 51
29 116
44 62
23 75
79 124
71 122
43 59
18 96
13 44
4 120
9 12
87 118
111 116
86 92
20 67
7 99
71 128
62 88
75 137
90 119
132 144
64 126
13 121
66 146
17 36
94 141
47 100
120 134
51 77
42 52
80 81
79 141
104 120
3 134
1 76
15 64
13 149
27 28
64 90
74 86
42 79
47 99
16 37
35 96
132 134
139 148
40 138
58 91
76 136
17 140
11 113
13 33
56 101
37 130
33 140
54 93
18 124
62 138
57 130
22 134
0 145
69 136
26 125
0 64
24 77
39 105
10 32
19 76
11 123
73 77
51 133
96 142
4 129
55 79
61 81
76 98
0 139
8 70
23 59
81 109
70 77
72 113
10 126
97 133
25 119
83 95
28 105
83 147
48 53
100 116
49 61
32 107
34 122
2 106
2 120
23 127
30 68
20 72
41 76
21 38
81 115
84 108
0 11
58 78
2 102
89 117
65 129
50 84
5 22
83 123
38 107
21 56
18 113
24 36
91 124
17 94
20 58
45 55
2 97
121 132
30 101
68 131
13 63
30 144
82 93
93 122
82 112
57 128
60 88
11 96
133 146
18 36
66 140
22 132
1 107
16 78
33 93
30 46
25 135
139 144
51 75
63 133
13 92
64 68
82 106
3 14
9 31
1 119
9 36
5 98
29 106
27 97
63 125
13 135
107 118
49 96
60 64
67 141
107 127
11 58
28 48
11 106
5 126
116 141
15 96
114 139
59 77
66 89
72 84
23 26
16 94
61 82
5 26
86 88
36 127
30 56
46 130
60 86
22 61
106 110
86 112
8 111
33 66
29 55
2 45
128 134
81 116
109 144
56 71
31 68
95 106
62 113
40 59
12 25
87 114
15 115
141 149
36 95
22 109
77 97
8 104
13 35
86 110
87 142
13 113
119 124
33 89
99 116
56 134
41 110
39 94
81 89
12 13
7 81
87 94
138 145
16 139
24 110
38 51
55 69
40 46
25 142
34 105
77 149
41 102
94 102
64 143
28 86
32 39
15 84
48 126
78 117
40 149
8 144
9 95
28 35
21 107
35 70
14 55
15 142
24 111
92 138
24 92
48 70
2 109
101 109
52 78
87 132
109 148
141 143
7 79
24 85
20 111
1 39
101 106
68 138
28 88
114 115
40 121
70 130
8 49
13 79
9 69
123 133
8 55
71 114
31 124
35 40
70 88
44 91
35 118
4 68
3 99
45 63
31 51
1 72
22 108
93 111
27 134
111 127
40 97
13 131
10 39
37 101
54 141
78 120
37 147
87 128
40 83
105 139
33 70
95 109
63 83
94 97
54 90
22 52
18 73
127 128
3 75
120 125
4 50
145 148
80 120
9 66
11 88
39 43
61 143
33 135
65 72
48 112
66 134
78 147
12 132
94 133
30 36
108 138
38 104
32 83
123 129
141 144
21 87
111 148
38 52
131 139
74 117
18 67
31 143
140 148
53 111
37 99
64 70
69 132
75 144
31 73
22 63
79 98
32 84
46 123
127 149
40 130
110 118
15 119
65 83
30 126
63 72
3 139
108 125
26 138
0 16
30 135
68 91
78 123
100 137
53 143
45 59
55 104
102 135
101 149
77 87
73 130
22 56
21 41
116 140
63 97
22 124
13 29
69 83
83 114
44 148
77 83
6 62
85 104
60 61
23 96
19 62
9 45
27 85
111 117
71 141
52 99
100 109
16 121
0 91
17 97
37 105
53 118
25 72
53 119
112 122
13 81
17 18
124 145
25 33
11 149
26 33
4 5
51 131
72 108
41 88
8 130
77 125
96 107
58 90
28 72
2 131
110 133
25 30
46 145
134 139
116 121
8 47
98 104
43 147
111 118
66 132
39 55
27 49
113 145
85 118
62 103
64 124
44 86
59 76
47 90
39 77
87 115
74 116
97 115
111 123
32 113
35 50
61 135
37 87
30 79
33 46
11 128
12 67
36 74
98 102
21 115
37 143
41 78
23 29
1 54
106 115
24 130
2 22
12 34
11 148
65 78
65 133
61 68
44 57
39 106
64 130
28 59
10 119
28 43
37 81
49 51
8 25
93 142
27 68
40 120
24 91
42 138
11 20
75 121
87 117
36 115
80 121
41 99
26 122
84 99
0 12
121 134
115 149
18 49
82 122
26 74
97 113
7 60
17 114
13 61
25 46
29 103
49 66
81 119
22 93
138 143
89 99
54 136
13 70
5 89
39 85
24 88
8 81
48 113
0 115
57 85
7 126
1 3
110 137
24 104
32 66
87 111
0 88
44 63
97 137
16 97
9 25
45 70
8 67
76 123
3 96
15 39
59 82
95 141
50 52
29 133
7 23
19 67
53 117
56 120
44 116
29 112
119 139
17 103
66 131
70 90
3 16
69 96
19 41
26 100
100 145
33 42
61 140
0 2
21 32
45 62
58 59
42 102
87 91
2 96
32 101
106 120
0 52
37 69
37 84
31 90
28 57
125 145
59 119
11 135
80 114
38 114
83 118
101 121
89 91
136 141
69 109
10 112
0 130
102 115
10 142
3 61
35 51
63 81
21 73
19 24
53 98
68 128
44 80
123 128
83 88
35 126
7 50
60 100
50 54
28 45
46 49
73 79
65 90
34 46
22 120
35 113
92 103
59 66
134 145
33 50
67 104
70 89
59 84
2 108
14 113
51 89
69 74
54 55
4 62
14 48
71 78
12 29
44 59
2 132
3 37
95 131
36 91
102 130
104 144
75 111
50 130
120 123
5 40
119 122
57 91
7 130
68 116
2 20
81 131
18 56
69 79
36 85
48 49
16 70
13 134
27 63
13 112
0 20
28 68
42 137
3 50
77 143
35 102
58 148
2 6
108 142
42 64
13 56
125 126
12 38
53 81
34 35
15 61
20 98
57 111
42 83
