1490277882579283124
150
744
degree
1
23 
9 10
38 54
130 140
38 60
36 50
117 136
62 105
87 149
85 107
15 23
27 135
88 104
84 90
41 64
65 100
24 144
43 87
65 69
18 92
83 100
34 37
121 137
44 59
18 95
37 94
82 85
81 108
125 147
125 134
36 82
24 86
32 66
133 137
6 76
55 142
27 79
24 114
24 87
6 93
20 70
16 94
25 139
63 140
6 129
35 39
84 124
56 146
63 144
81 139
48 125
45 82
55 129
42 61
63 101
96 117
85 127
24 123
128 148
60 97
111 137
53 113
70 140
24 34
18 117
42 46
136 137
66 121
132 144
41 108
45 92
69 92
72 149
39 67
33 129
0 8
2 125
68 107
57 72
13 38
21 148
1 69
67 69
3 74
53 68
106 146
39 58
15 95
45 124
17 79
90 120
23 129
139 147
80 136
6 87
30 76
106 114
17 117
42 69
48 136
73 85
15 74
95 105
23 102
54 72
16 77
39 119
51 62
49 52
5 82
38 75
6 12
50 128
7 112
39 109
7 12
91 110
78 125
4 94
22 79
95 143
52 132
91 130
28 29
23 131
51 141
108 126
44 76
65 98
11 81
0 63
29 90
40 129
41 104
10 55
16 145
71 146
14 103
100 116
26 57
14 109
89 141
31 63
28 118
0 47
111 122
113 115
58 99
19 22
24 138
49 148
16 125
82 143
1 34
20 107
29 63
42 112
49 128
56 73
73 81
48 76
52 143
36 89
112 122
78 111
33 74
55 106
0 19
88 95
36 41
6 90
54 135
13 36
3 46
90 148
53 116
86 96
95 112
49 123
6 32
4 10
55 70
77 135
80 104
20 114
6 135
71 147
24 125
93 128
93 142
88 89
58 91
20 131
22 67
121 140
7 61
26 142
48 68
127 138
83 140
25 55
20 115
80 146
31 121
49 100
65 112
39 75
13 54
36 115
119 127
34 88
5 79
66 103
62 115
9 91
44 83
19 68
5 17
70 115
128 142
27 88
38 119
4 44
12 49
88 126
7 40
7 91
52 119
13 134
72 135
74 82
64 143
22 65
60 141
4 120
46 68
15 124
62 112
0 65
54 124
1 93
80 139
62 84
9 106
54 129
69 72
7 28
82 115
3 100
73 75
16 58
29 107
66 80
12 133
54 85
102 136
55 75
68 71
47 135
58 82
80 90
51 129
43 80
82 84
29 39
73 141
5 95
78 92
9 29
75 104
11 85
59 60
101 114
107 148
72 92
29 41
87 137
4 7
10 39
8 116
57 146
71 139
23 134
24 64
77 134
22 96
86 141
67 140
4 96
113 136
117 123
52 70
23 139
14 75
52 69
6 31
10 71
29 56
47 90
118 136
27 61
113 143
31 89
103 112
42 124
4 102
40 89
81 121
58 122
30 113
53 108
7 106
11 133
68 97
25 136
12 132
126 129
33 50
8 135
76 98
21 97
69 140
40 142
20 95
28 83
29 140
23 65
16 76
36 141
63 129
96 118
8 143
148 149
26 149
64 109
32 133
83 84
137 147
16 23
36 85
113 141
30 69
32 142
73 122
7 83
23 121
37 38
8 83
63 99
86 113
48 134
19 28
74 98
16 30
99 122
25 72
29 78
88 111
44 84
50 70
78 88
23 90
79 144
32 148
24 55
38 126
62 128
26 55
25 131
27 94
9 92
82 90
69 74
3 56
53 74
22 29
29 51
84 106
99 121
14 137
122 147
48 106
59 124
77 145
90 119
14 91
1 3
84 103
10 12
38 146
55 96
56 84
21 96
133 138
42 91
18 99
57 79
126 139
14 30
72 122
33 103
99 137
62 100
130 134
34 57
64 104
78 127
5 146
80 95
61 125
19 55
0 83
26 123
39 68
15 128
51 100
74 97
17 94
96 109
14 104
63 145
12 69
27 106
32 69
67 96
106 113
56 102
77 100
10 51
39 128
74 114
8 76
33 123
132 135
5 100
24 69
36 75
31 127
7 33
48 98
77 111
110 142
12 136
58 66
11 27
71 93
20 147
122 124
11 16
115 125
17 23
12 26
7 55
15 65
77 122
27 118
6 115
41 78
1 35
45 86
23 71
9 120
7 132
1 37
0 121
80 116
105 145
10 47
31 44
31 80
29 122
105 113
12 90
92 129
16 138
38 111
3 43
36 130
2 122
91 122
8 126
85 121
41 140
22 87
37 72
19 99
74 125
14 100
115 121
3 110
37 98
86 142
92 109
131 139
49 104
29 77
12 41
89 125
52 65
79 129
40 105
33 121
58 93
31 149
5 56
88 146
52 105
18 112
14 52
82 87
20 39
21 74
39 66
58 146
75 134
48 59
69 105
19 134
82 83
100 115
77 107
130 145
50 126
80 144
56 79
23 143
1 137
111 148
87 94
25 138
10 68
94 127
34 147
43 133
0 85
2 23
2 112
83 108
41 138
56 66
80 109
98 143
18 119
92 114
83 146
88 103
70 128
0 116
33 104
54 100
86 112
56 113
47 53
25 130
63 108
0 93
16 142
65 142
56 105
21 94
52 98
125 131
48 55
92 126
0 15
73 84
78 140
28 91
66 108
54 137
16 130
6 102
2 15
50 61
7 80
128 131
81 136
92 124
4 66
87 136
2 75
138 147
93 135
57 91
93 146
24 133
47 133
81 91
23 74
61 104
101 124
66 93
48 104
10 38
120 144
37 128
60 144
47 68
61 77
51 82
68 79
71 117
70 82
12 70
89 117
78 123
99 146
49 147
35 52
45 149
33 65
109 149
40 121
10 74
14 31
106 133
31 37
87 117
115 134
86 137
59 145
67 98
17 104
85 147
71 78
0 23
58 107
50 122
1 113
27 141
13 70
34 122
10 138
18 21
9 85
34 124
58 105
6 63
50 116
25 109
5 11
32 127
21 33
81 83
61 133
33 52
4 15
2 42
15 80
14 44
104 147
79 132
45 128
9 123
5 111
15 112
22 23
24 83
54 99
72 106
47 62
23 84
82 140
3 15
14 106
68 124
114 134
82 100
40 119
59 99
74 86
49 69
113 121
53 73
115 119
70 126
3 61
2 8
10 108
60 135
12 35
25 116
2 142
75 97
47 131
0 109
110 137
5 13
119 141
58 86
24 111
21 145
37 127
53 137
113 125
21 76
57 76
18 23
6 41
15 120
96 148
59 64
60 93
44 94
50 90
30 126
104 138
79 126
87 99
116 127
85 126
23 149
74 78
92 146
13 130
8 25
73 88
65 101
70 108
57 130
5 48
76 133
25 115
75 115
63 69
28 41
33 122
10 27
63 128
87 102
68 105
8 115
22 32
24 147
20 129
131 143
108 121
47 115
77 137
11 55
135 138
80 103
20 63
65 117
95 146
22 89
25 91
96 140
53 148
8 104
77 98
6 106
97 122
57 105
10 133
47 85
67 143
31 143
14 126
24 97
84 88
24 92
97 135
38 109
108 116
11 120
53 64
38 78
65 93
109 123
59 73
39 125
44 126
28 106
39 77
54 90
38 145
1 15
68 96
65 91
50 56
67 146
8 17
58 145
68 128
8 107
3 111
0 40
2 68
12 72
4 9
107 145
3 98
5 64
5 42
42 104
8 93
45 129
90 138
13 86
94 95
53 114
10 65
116 123
103 127
30 108
3 149
0 31
43 111
53 67
6 20
4 143
20 44
51 86
18 82
68 86
31 132
36 118
9 61
83 124
12 52
32 147
7 98
59 88
88 132
53 80
16 31
0 134
4 89
85 93
76 84
17 120
14 98
42 144
0 110
84 131
53 79
93 117
5 41
67 122
81 89
18 53
103 128
52 145
88 102
66 116
2 143
32 39
30 104
23 127
12 108
94 115
74 142
54 91
74 149
0 129
46 113
57 61
