1490277882943148208
150
930
degree
1
105 
53 63
3 53
105 145
1 124
98 146
24 140
48 50
17 130
72 137
102 126
105 128
36 123
91 143
65 146
4 19
47 71
25 88
41 111
94 118
73 84
10 86
43 44
19 147
108 133
42 108
105 146
67 140
65 106
125 126
33 146
37 101
4 121
30 138
46 86
65 115
67 148
36 90
5 98
109 110
79 114
16 47
68 74
68 126
76 95
42 58
46 52
48 118
26 62
72 104
71 141
51 60
74 77
84 91
112 132
114 125
79 128
75 126
106 129
27 131
73 83
43 134
57 114
49 138
15 60
0 132
114 138
33 133
69 89
70 97
10 27
21 85
72 138
68 91
31 142
43 48
124 138
134 148
33 97
38 135
106 140
51 85
99 147
43 127
139 141
111 120
130 149
33 141
45 99
86 87
11 63
30 36
64 112
21 131
36 59
34 117
9 77
28 94
3 72
52 55
20 26
30 111
7 117
34 133
22 55
67 81
2 118
13 115
62 136
14 66
91 147
44 116
71 142
109 127
122 123
140 144
22 63
52 61
43 82
20 31
4 35
72 76
92 124
40 142
39 89
14 19
71 103
0 94
29 106
15 39
30 93
100 117
4 149
89 96
37 75
6 68
98 113
75 88
72 135
18 30
23 81
24 80
12 50
58 119
52 56
26 107
32 75
8 51
54 119
78 144
19 27
54 115
58 136
13 133
90 136
75 143
30 39
60 93
16 43
10 23
38 94
1 104
35 128
123 148
36 57
58 97
101 125
79 126
75 78
18 70
117 137
0 142
105 149
4 96
22 120
35 62
2 103
51 149
26 98
62 128
17 26
118 145
85 110
30 45
54 70
136 142
3 135
70 129
1 120
63 122
25 37
82 147
83 141
41 56
20 37
52 92
107 109
85 91
68 75
67 91
143 145
17 117
122 144
72 113
7 108
56 105
57 58
2 79
18 69
71 119
21 128
102 117
54 67
61 72
6 36
75 117
95 145
24 45
51 103
16 66
87 106
26 72
17 100
79 110
124 137
101 146
63 111
103 135
35 138
110 131
65 66
41 73
49 108
1 53
91 118
123 141
22 36
109 118
54 108
118 138
3 22
13 96
49 127
51 116
38 141
27 57
3 35
82 129
31 43
17 88
27 120
128 134
19 102
41 72
33 89
52 87
77 81
4 51
87 92
55 137
4 112
88 102
59 67
2 72
65 72
85 127
7 104
92 149
28 33
1 122
125 129
31 40
1 76
58 103
43 131
11 133
8 100
54 61
24 29
77 124
23 59
31 130
0 13
24 79
72 101
131 132
131 143
1 139
30 130
82 104
20 60
32 138
4 15
15 85
23 38
37 73
103 140
71 89
39 46
8 57
90 139
85 137
7 54
32 96
40 109
34 97
7 84
28 93
77 119
6 76
65 68
90 105
27 94
21 122
21 57
67 136
25 110
77 132
62 79
0 128
98 140
126 146
128 145
88 97
10 104
33 60
53 130
1 142
55 111
45 84
25 48
65 80
16 76
71 127
61 80
24 118
56 92
79 144
26 46
57 123
55 95
25 44
32 124
92 111
0 101
76 85
13 85
9 117
43 74
130 143
56 95
128 131
50 108
60 116
8 90
50 144
76 136
45 83
58 132
19 66
13 60
20 50
0 2
30 42
31 67
73 87
25 51
67 86
16 71
78 127
104 112
57 131
23 71
65 105
45 134
59 80
86 96
5 6
11 119
25 135
119 126
37 114
80 91
0 28
58 122
12 123
58 135
55 145
0 36
54 62
29 77
83 113
14 136
13 110
131 141
33 145
61 99
33 34
1 110
94 143
2 32
15 48
59 85
63 139
63 131
19 144
140 141
11 97
12 42
15 82
34 108
140 147
24 142
63 115
24 34
105 142
18 109
26 45
24 60
23 133
70 100
3 116
3 45
28 145
6 18
105 109
6 51
93 119
23 87
40 79
120 129
2 63
34 45
21 93
26 102
42 87
58 116
43 112
7 94
70 127
32 107
77 100
4 81
52 123
21 120
19 94
38 83
119 147
16 116
28 146
99 115
11 124
2 96
30 35
14 101
8 115
11 95
12 80
21 41
16 105
88 120
30 104
43 105
85 92
8 29
27 44
69 85
9 71
24 74
69 88
49 116
8 68
61 105
22 70
31 88
10 94
19 108
71 115
65 125
45 91
133 141
62 88
57 80
93 123
23 110
19 79
76 121
13 117
36 130
43 119
30 44
48 88
30 78
12 90
60 134
57 95
12 141
96 149
19 42
38 53
56 93
44 67
59 101
29 64
14 144
25 26
17 123
3 23
17 126
102 114
0 83
3 130
9 86
0 6
84 122
126 135
97 119
60 61
80 148
98 141
6 7
110 111
58 78
55 128
45 78
61 68
29 59
21 115
75 96
62 146
34 59
50 71
23 127
25 115
52 80
133 148
76 116
10 122
51 80
10 44
66 122
73 126
75 128
65 136
49 54
82 139
41 59
35 103
57 111
50 149
38 71
18 124
13 31
44 52
68 109
75 122
33 63
81 99
7 66
113 145
127 142
9 43
81 90
9 33
96 123
43 125
75 107
62 106
70 92
9 72
64 77
6 125
17 78
4 30
22 91
26 101
81 92
7 86
16 118
29 135
20 127
62 85
23 91
6 105
40 118
37 122
19 74
30 86
17 107
61 85
4 36
23 41
98 120
5 48
40 57
31 49
25 99
82 143
25 129
45 101
46 119
2 19
64 117
30 139
4 28
1 88
68 137
6 61
0 88
61 75
44 83
71 135
16 42
47 81
33 91
1 44
11 147
5 28
19 31
45 74
1 129
57 124
59 73
53 147
1 68
126 127
120 123
37 84
15 20
25 91
45 115
91 102
35 106
45 130
20 137
34 116
1 113
50 105
6 38
9 49
2 24
80 114
28 136
103 146
22 47
71 147
95 120
5 36
75 125
7 65
65 90
43 114
25 38
41 98
81 109
33 58
12 138
48 99
8 73
15 70
76 112
83 112
53 129
58 64
49 62
131 148
24 147
65 128
1 11
45 142
99 148
75 104
9 88
3 17
146 149
28 84
3 11
1 134
63 144
113 123
62 103
4 60
67 85
125 144
17 44
39 142
10 29
66 87
12 53
17 19
16 62
15 149
13 30
57 78
45 94
29 119
55 147
4 80
88 118
93 96
108 114
142 146
30 144
27 43
31 44
94 147
78 93
42 96
60 86
63 86
114 130
34 63
104 122
86 100
70 90
102 135
18 134
138 149
6 56
22 105
87 112
40 119
19 67
83 134
30 121
16 63
62 80
3 76
85 114
29 54
22 30
146 148
16 143
105 114
78 149
122 140
9 113
34 100
139 144
54 107
14 116
121 141
69 147
112 140
78 113
62 86
73 149
6 144
107 139
5 121
38 43
30 48
21 64
114 135
12 21
50 125
60 97
95 131
100 131
72 119
29 129
81 88
63 132
14 71
22 107
55 94
17 38
68 108
34 120
19 91
79 131
24 65
7 22
109 111
3 4
73 144
6 95
4 63
8 139
20 40
123 137
22 74
72 83
11 66
40 73
95 117
25 107
69 82
41 142
28 95
8 80
9 80
31 60
36 114
23 24
88 94
22 138
45 141
67 104
35 108
57 89
66 120
22 137
89 130
81 102
11 129
22 87
119 122
19 107
83 99
59 122
12 147
28 129
3 121
42 51
34 72
19 52
16 32
55 67
68 116
86 107
50 112
18 49
128 133
57 135
6 134
28 75
95 100
26 91
1 35
60 147
51 66
3 114
48 144
41 94
61 127
55 124
8 141
41 81
129 134
120 122
109 125
44 105
55 60
8 20
27 28
99 124
37 61
2 6
80 127
28 133
73 81
65 78
42 77
18 45
55 89
131 135
3 120
3 139
98 109
32 58
33 118
2 137
137 146
116 131
2 31
75 130
100 135
80 126
66 137
30 60
16 57
106 108
76 126
30 80
33 85
135 139
82 99
46 111
16 72
39 52
44 45
91 98
49 135
50 121
12 88
33 131
71 143
31 115
108 140
50 77
80 119
20 110
74 81
61 134
83 105
79 117
75 77
106 131
42 123
40 74
35 38
52 64
74 88
77 129
56 148
33 72
128 140
73 105
23 107
58 138
130 146
118 128
24 109
13 62
2 38
33 121
2 134
6 115
53 83
61 146
33 40
50 107
80 109
47 105
1 112
10 125
89 148
66 135
138 146
51 132
27 146
8 61
11 109
101 140
16 146
65 119
46 114
21 31
33 127
94 97
0 90
10 49
2 105
101 147
2 20
44 76
46 55
67 96
8 96
9 108
4 123
34 149
117 125
5 55
29 104
3 46
29 139
105 126
16 78
17 143
26 79
16 53
107 120
1 64
40 132
22 149
89 120
33 129
58 130
53 79
42 105
64 67
45 89
52 86
128 147
60 109
93 145
53 106
72 115
48 63
75 99
74 112
126 137
103 117
7 124
32 139
37 81
6 73
43 62
110 118
1 54
37 95
13 46
66 145
7 43
47 89
67 132
96 115
54 142
11 23
86 110
59 106
17 105
31 110
12 66
13 88
135 142
6 8
109 144
23 70
74 141
79 146
45 86
42 82
32 46
21 106
9 55
74 122
71 72
77 138
21 116
51 133
2 144
24 129
28 69
