1490277882915127081
150
930
degree
1
70 
92 144
95 97
113 123
69 145
9 18
105 109
15 104
66 121
125 131
10 35
36 42
51 135
81 99
38 58
34 65
110 112
66 137
15 69
117 138
104 110
42 129
47 51
31 126
3 139
25 102
77 93
122 144
26 59
86 126
13 24
70 137
41 123
87 121
89 98
86 129
3 6
40 113
83 97
26 135
118 125
33 83
15 51
34 71
94 141
103 116
18 116
104 130
1 134
9 53
97 113
86 140
2 53
10 133
12 24
1 62
66 123
5 32
28 103
7 26
2 104
41 116
1 84
82 124
122 132
32 100
38 51
43 50
51 136
18 62
118 119
116 128
56 117
30 71
40 42
31 93
11 95
70 106
34 76
19 115
12 138
46 65
20 138
8 63
22 37
61 87
22 83
14 88
22 117
127 135
92 105
51 100
44 57
91 125
35 84
26 29
35 90
101 139
5 139
107 120
60 141
1 102
125 130
34 121
6 148
75 109
102 146
4 82
105 133
45 133
70 88
4 74
40 80
11 89
27 78
29 85
143 147
72 134
43 69
38 107
6 143
67 129
49 122
74 83
54 64
19 131
129 141
101 111
62 68
8 27
54 124
17 59
0 142
27 123
39 75
58 79
55 111
21 144
65 81
57 72
45 142
16 107
104 149
52 63
31 114
23 78
93 96
14 108
41 73
18 48
11 100
10 40
31 131
98 119
54 103
45 145
64 70
27 93
19 21
78 146
33 136
63 95
85 135
97 145
22 112
92 117
20 89
67 119
30 68
46 64
132 143
101 115
53 70
47 139
82 145
19 118
27 68
11 24
14 117
10 109
51 117
83 113
46 98
56 133
17 71
26 125
49 90
75 124
31 134
91 110
40 106
9 22
111 113
19 116
56 92
68 75
90 100
20 91
6 64
10 77
38 127
73 84
33 127
112 139
42 74
111 139
103 142
22 49
88 126
72 94
37 42
33 41
3 145
36 52
36 147
54 82
69 119
98 103
54 58
21 91
1 22
50 100
71 74
6 101
33 112
16 57
40 134
23 77
22 52
6 84
1 70
23 139
116 130
55 113
111 141
32 46
93 101
56 131
22 118
70 74
13 103
42 60
0 8
105 147
89 116
46 142
40 108
12 75
3 39
104 116
65 75
4 41
49 114
105 139
100 127
24 133
25 72
45 68
6 146
47 125
102 133
24 60
11 43
5 27
53 135
54 142
47 65
66 80
86 134
51 94
5 84
31 63
130 131
66 111
54 107
135 144
16 97
20 24
6 103
5 69
4 70
105 135
73 113
70 98
2 110
31 106
94 102
17 90
24 91
69 123
87 143
18 149
26 123
35 62
37 102
129 144
4 98
32 130
56 57
2 86
68 97
134 142
120 149
34 102
13 144
26 112
68 95
82 101
108 116
4 34
83 148
36 40
38 123
14 86
7 143
93 122
102 119
0 93
44 132
114 143
28 31
69 147
37 107
43 51
44 99
116 140
137 143
50 104
18 140
23 94
38 68
58 65
41 63
46 120
46 55
58 105
108 127
36 137
142 143
11 146
64 67
86 133
36 58
5 107
88 105
120 123
23 43
121 141
64 126
57 97
6 55
54 130
61 72
37 123
90 114
32 50
81 87
20 140
49 79
77 122
136 142
58 99
35 54
107 125
12 69
93 132
33 138
113 143
69 113
140 148
17 46
44 84
19 53
45 80
130 142
60 85
74 145
61 136
57 69
76 107
141 146
62 130
110 144
23 95
32 102
69 89
65 142
22 71
97 143
121 122
1 31
2 138
112 135
28 107
53 127
45 102
65 103
131 137
12 35
35 38
16 147
37 73
3 65
27 77
73 124
4 85
80 84
32 115
38 132
109 118
64 143
99 104
14 42
76 104
51 123
34 123
36 141
12 18
49 60
6 83
121 123
66 108
40 147
119 122
68 79
13 34
92 119
40 104
20 98
63 126
45 78
43 103
2 30
2 135
5 109
22 70
31 124
47 96
122 129
55 96
83 146
22 143
20 102
37 122
137 140
53 126
47 66
109 143
11 111
17 54
36 45
12 114
10 14
37 103
61 146
41 69
80 86
63 75
16 132
121 143
50 129
56 59
42 110
69 70
80 82
39 97
42 89
23 134
7 44
24 50
97 125
65 132
48 65
4 39
80 118
82 146
12 65
60 64
80 120
3 133
27 133
0 90
35 139
28 78
7 18
126 148
73 118
91 107
0 31
70 145
23 61
90 116
78 95
109 115
4 35
38 57
80 116
21 104
50 97
4 134
13 141
16 101
102 114
2 78
3 25
78 87
70 75
55 87
47 61
100 144
20 145
53 63
35 96
25 109
71 139
71 79
88 89
29 113
89 97
4 17
103 144
6 136
6 39
31 58
83 144
72 120
107 111
38 65
85 120
111 144
128 145
81 133
40 81
28 49
66 70
38 43
100 132
99 119
61 97
41 115
68 142
29 106
43 107
10 34
16 17
54 110
29 117
126 149
20 148
72 123
110 138
65 111
127 145
2 140
55 100
115 142
88 104
3 32
39 41
4 94
100 113
0 9
81 94
11 30
22 92
35 70
50 57
0 106
112 121
129 148
62 114
48 149
49 101
39 47
25 110
15 110
29 98
65 121
35 124
48 85
51 76
25 76
41 68
83 140
99 130
65 70
39 56
12 112
42 71
41 135
9 117
4 53
29 46
47 64
53 75
27 132
10 60
104 146
100 122
5 56
101 137
80 139
74 116
11 16
11 38
20 118
6 11
56 80
45 57
114 133
65 89
4 133
110 136
109 121
51 77
13 42
90 137
7 123
21 76
66 115
0 27
22 43
12 55
3 119
46 95
55 121
40 109
33 145
71 119
77 115
22 29
59 105
10 111
2 37
62 67
10 67
18 109
8 47
17 45
12 141
59 107
36 109
57 100
54 72
112 136
67 124
18 143
52 130
80 119
95 139
20 124
79 135
87 119
56 99
68 121
93 99
43 126
22 142
81 92
36 51
31 82
25 131
145 147
24 26
9 67
27 107
108 147
52 87
58 92
138 148
68 73
126 137
41 60
47 113
54 74
99 111
16 90
75 96
16 29
3 52
75 143
63 90
77 97
106 113
84 136
116 124
59 68
40 46
41 109
56 148
70 126
93 143
105 120
17 107
26 142
77 106
35 94
68 141
54 105
52 55
64 95
71 82
60 149
37 143
85 100
22 133
25 67
51 83
33 55
2 126
58 94
45 75
52 111
49 59
38 128
24 71
55 91
52 121
33 117
48 81
53 64
124 136
40 119
79 90
91 118
95 102
94 124
40 148
10 16
75 98
40 83
73 97
32 62
92 109
29 116
39 129
100 116
94 133
5 86
70 129
8 9
2 141
34 74
16 21
103 119
108 123
118 141
25 121
107 132
22 48
31 33
42 88
61 101
9 141
59 82
52 77
14 131
47 134
111 115
40 74
86 99
129 147
29 100
27 42
49 55
0 49
18 88
13 70
10 107
144 147
101 135
121 146
82 135
58 142
5 127
144 145
8 137
111 114
24 47
131 135
60 122
62 96
53 96
2 10
29 103
56 139
11 102
81 111
83 92
7 108
3 146
36 122
108 143
95 128
13 98
44 101
9 140
3 33
61 114
48 111
71 88
54 55
83 94
8 83
53 114
13 66
46 124
57 121
64 108
54 123
7 110
59 73
77 100
46 79
39 71
18 34
130 133
17 56
72 145
93 123
26 95
38 97
26 132
5 37
40 60
97 123
69 105
46 105
39 86
43 140
1 28
63 147
115 128
36 116
46 48
59 96
19 36
5 71
51 125
18 31
2 3
109 127
26 137
64 105
107 119
44 134
41 136
82 119
29 33
63 122
32 143
37 64
113 139
46 78
27 88
44 61
50 141
5 82
72 88
42 58
43 79
120 145
1 9
7 20
84 121
82 132
138 149
28 64
13 145
4 86
55 142
25 44
71 96
77 91
94 125
7 36
119 147
73 142
42 53
80 106
20 141
5 95
58 83
85 140
108 142
38 129
7 30
9 124
3 108
15 24
24 95
1 86
88 133
18 117
19 60
70 117
69 79
27 74
11 74
9 58
17 89
80 136
106 115
41 88
39 61
20 55
2 41
8 89
7 23
9 145
36 90
30 85
34 63
67 148
18 26
104 135
23 149
46 72
0 144
2 43
58 135
38 48
72 138
34 148
44 73
66 131
51 116
30 136
38 116
90 125
7 119
66 99
21 54
72 102
110 126
66 69
52 68
138 146
14 43
58 140
44 51
6 66
73 102
70 131
112 134
40 95
4 48
14 134
37 124
23 132
43 85
66 98
69 71
15 53
47 71
66 133
39 103
71 75
6 78
13 47
24 106
0 118
10 147
30 114
73 85
94 111
3 7
76 95
72 99
42 72
51 55
56 114
27 140
130 138
60 71
33 42
69 103
37 136
36 73
75 129
7 46
23 55
46 77
19 121
89 129
88 127
61 84
47 116
6 138
10 43
108 137
52 125
61 135
28 112
96 136
64 114
17 121
112 133
74 120
26 148
61 78
6 122
53 90
69 87
39 70
126 132
9 25
23 68
55 146
101 114
80 138
79 119
27 69
37 56
107 108
18 20
18 36
73 106
23 109
35 64
139 147
33 64
17 105
27 32
16 26
85 132
70 124
8 61
17 149
101 128
88 143
13 18
0 121
56 81
40 75
74 81
