1490277882519835539
150
744
degree
1
95 
1 139
113 145
93 139
99 115
49 130
30 99
55 74
34 45
80 81
5 145
53 63
8 20
82 91
92 102
58 93
70 75
29 66
72 138
51 71
72 137
2 34
73 109
24 39
114 137
29 97
29 95
17 120
20 141
34 109
18 131
10 102
76 108
103 133
8 111
143 148
48 82
49 60
14 44
48 98
125 145
90 97
70 76
2 43
57 141
7 18
61 135
14 76
71 130
121 146
121 128
25 71
51 70
29 81
37 107
9 99
57 76
12 76
13 73
60 117
93 106
110 129
0 14
35 126
121 125
102 105
27 80
25 37
57 96
33 100
0 46
27 73
0 126
105 129
4 109
27 115
42 148
9 36
11 36
135 144
116 123
56 123
87 148
8 112
20 113
32 54
18 54
104 112
15 16
19 143
62 108
51 74
40 128
59 94
0 103
19 132
38 67
126 136
27 41
113 114
1 91
11 72
131 134
59 147
83 97
8 102
26 108
40 144
46 89
7 145
103 119
82 112
24 142
0 120
41 59
28 82
15 60
25 87
13 67
16 142
27 88
84 141
52 138
29 116
68 73
25 63
78 138
41 77
23 127
34 149
68 86
33 132
17 85
85 118
23 31
59 79
28 69
21 138
23 56
3 28
4 6
65 135
22 93
50 98
63 140
86 122
47 56
64 118
101 125
104 124
97 126
1 105
27 60
24 121
54 130
63 71
64 91
5 142
32 126
111 125
81 115
138 145
10 80
46 81
59 109
105 137
33 59
39 62
106 124
32 57
39 108
130 145
83 148
19 43
121 124
89 139
66 85
76 104
48 122
11 97
19 50
55 140
57 67
80 127
57 126
6 23
138 142
34 43
74 149
102 148
43 50
115 142
33 119
33 135
26 84
13 91
10 36
17 71
22 96
1 95
11 116
53 98
15 125
35 70
77 100
67 101
20 116
82 134
50 80
109 119
51 95
53 111
30 31
26 126
49 84
52 147
91 101
39 43
47 76
55 95
114 147
31 118
67 97
20 121
48 131
58 97
63 85
17 124
61 122
48 90
67 139
58 96
32 115
120 128
9 124
86 119
66 140
27 125
25 142
93 127
115 119
19 105
12 136
95 140
66 101
8 95
104 138
26 64
8 29
49 77
19 32
3 109
41 147
9 102
49 70
94 125
9 66
82 88
100 143
44 109
45 70
62 112
47 93
40 132
65 77
80 101
90 146
24 52
7 143
111 149
80 105
26 92
11 32
41 104
12 62
25 124
38 89
51 97
15 59
104 115
81 142
6 70
35 51
12 20
75 91
40 61
56 148
6 13
77 117
38 104
97 138
117 129
58 62
98 119
18 56
5 66
61 127
109 126
36 71
101 130
12 17
2 62
39 111
3 108
16 92
25 93
21 136
66 128
76 118
12 108
59 87
44 114
42 49
113 129
63 79
70 148
118 137
61 87
29 31
63 145
66 79
116 129
4 23
110 136
41 96
130 141
25 114
9 128
34 106
39 44
106 118
25 109
116 143
51 102
1 92
42 94
95 139
35 62
24 36
97 122
80 140
25 96
43 123
27 55
29 48
26 133
40 71
15 28
78 95
87 127
26 120
116 118
39 129
75 142
4 59
30 114
1 147
2 111
46 115
20 48
8 87
35 107
95 124
40 73
52 66
18 91
29 114
10 27
4 28
89 127
55 60
1 25
2 91
86 116
30 78
20 144
39 53
51 126
35 47
69 102
30 130
137 147
5 24
63 128
8 72
59 140
36 114
43 80
95 131
60 99
79 136
17 143
3 118
76 110
94 113
97 147
21 42
65 117
65 126
53 94
5 78
20 126
36 112
14 94
9 75
29 119
11 124
64 95
57 83
22 135
50 57
84 134
2 135
30 57
31 51
11 41
39 71
21 37
46 112
114 116
21 67
84 142
9 112
35 82
91 146
29 89
26 129
31 67
94 97
35 68
32 51
73 96
41 146
8 81
73 89
83 103
57 144
45 116
59 89
40 41
58 90
26 81
126 145
84 121
2 145
23 101
94 111
16 141
41 143
117 121
71 143
70 111
6 14
94 120
12 102
38 120
66 90
72 132
0 6
41 124
39 123
36 58
2 72
82 122
22 80
52 99
60 73
64 121
109 116
37 101
49 114
23 114
3 88
88 138
94 112
19 48
138 143
100 145
7 36
76 123
69 77
9 28
51 120
21 60
5 75
15 140
11 27
16 145
96 128
22 24
139 147
92 109
31 80
36 38
91 125
62 85
44 122
133 136
73 128
10 120
3 34
27 61
90 131
56 111
14 23
95 123
62 142
32 82
59 60
30 33
7 67
79 122
96 126
48 58
57 131
16 143
111 130
26 83
33 37
107 116
55 139
28 131
126 147
13 93
20 131
27 132
19 21
2 66
63 143
108 130
21 101
67 128
75 126
40 49
101 106
23 53
10 138
124 135
101 133
72 144
109 111
0 25
5 35
14 126
39 137
63 103
100 104
54 146
100 119
0 54
51 100
1 118
86 91
37 106
65 94
14 147
109 112
20 76
91 104
32 143
41 95
133 147
30 109
12 40
38 73
17 99
47 98
27 65
58 140
22 78
21 143
70 123
131 136
93 115
66 122
26 104
91 138
1 143
95 138
27 97
59 90
51 83
54 73
14 19
34 81
122 141
24 87
114 124
35 117
10 71
14 105
58 73
41 136
106 141
42 87
96 138
18 80
88 110
1 85
72 104
0 19
24 33
71 142
55 101
38 49
14 64
41 55
17 56
50 76
22 54
76 80
8 134
1 74
100 103
70 106
62 84
95 146
4 87
84 123
30 35
63 139
44 126
75 115
21 107
104 133
5 109
75 123
3 89
0 58
133 148
34 105
48 125
38 140
31 121
36 99
106 143
47 51
49 85
9 90
67 75
40 85
65 80
98 137
40 80
10 31
29 135
95 99
46 47
21 94
117 125
0 83
104 123
66 107
39 91
30 49
97 114
109 127
73 145
18 133
70 146
87 96
39 135
77 97
27 66
21 91
15 43
85 125
54 101
26 149
45 142
2 131
106 115
75 95
99 107
80 119
23 55
31 126
141 148
19 80
31 124
48 88
6 87
78 124
49 93
82 138
57 132
96 111
30 117
14 130
53 92
33 142
24 104
41 58
96 108
101 110
87 99
84 130
35 73
43 145
95 108
99 148
18 33
36 119
9 123
47 78
116 126
106 149
60 128
11 142
46 49
11 44
19 90
29 98
11 95
44 128
2 17
59 65
79 105
106 129
14 148
1 15
46 124
79 91
35 74
124 129
49 97
115 146
127 147
18 106
31 137
25 40
58 133
91 130
65 114
54 131
16 25
25 27
22 86
47 90
89 149
15 149
9 144
11 137
5 73
72 142
30 96
25 98
58 105
33 63
38 43
24 41
75 110
104 113
72 134
0 127
74 116
57 71
16 113
89 99
83 131
66 134
12 104
112 148
115 143
48 71
109 132
32 58
77 131
91 92
85 90
72 95
51 123
7 57
3 52
13 146
57 110
40 63
30 103
8 62
91 128
26 74
18 76
28 35
31 33
52 141
61 144
100 134
58 144
9 129
37 56
84 102
114 126
92 98
25 77
124 133
73 101
30 135
28 113
62 65
13 27
22 98
2 125
66 87
62 120
44 118
29 113
63 122
37 85
98 148
45 99
46 61
107 132
49 51
27 34
134 143
133 142
42 137
88 125
0 135
37 116
59 120
21 26
0 36
62 91
12 95
6 74
92 94
17 86
11 40
38 76
30 60
83 142
1 48
104 118
105 131
37 60
49 78
23 92
33 91
38 75
16 31
75 124
8 13
2 29
16 124
30 38
5 13
45 91
41 119
23 97
10 65
42 115
16 144
65 95
