1490277882692641664
150
744
degree
1
77 
17 29
2 3
27 123
50 122
21 149
90 108
52 94
49 73
82 139
64 68
80 132
57 73
35 90
39 148
26 143
13 60
88 91
29 36
18 106
101 108
1 91
21 75
54 110
76 77
2 28
106 126
5 19
0 2
86 112
9 20
71 138
49 71
33 106
30 132
80 142
144 148
1 37
26 73
58 126
88 128
82 99
31 55
77 79
44 74
3 73
44 123
24 76
12 54
108 130
137 148
126 142
13 30
32 87
104 118
97 119
40 149
5 83
74 144
78 130
118 142
71 147
85 147
77 142
13 101
40 141
40 108
4 28
48 53
98 122
47 143
13 82
24 111
121 136
47 137
48 107
52 118
61 113
113 144
98 101
77 83
60 114
21 32
77 86
14 130
61 125
3 142
118 120
72 77
50 146
109 147
69 118
63 137
37 75
46 100
54 119
84 121
4 97
11 51
15 19
17 93
68 126
40 135
30 93
16 44
3 42
7 92
53 122
74 105
67 90
28 100
115 129
9 98
47 92
117 127
6 108
39 124
102 107
31 47
43 69
32 134
3 51
17 59
41 131
58 140
41 42
47 115
43 70
6 62
84 95
5 56
8 74
45 114
9 136
43 65
8 133
81 116
7 25
69 103
19 127
10 24
10 96
12 22
89 112
12 23
142 145
37 81
38 135
66 102
34 63
40 124
4 45
107 122
111 128
32 135
31 140
24 116
3 119
12 77
38 69
44 132
65 134
7 11
69 89
0 89
0 50
1 83
130 139
106 133
20 37
3 139
60 75
24 49
49 88
26 81
16 58
28 125
30 131
40 129
12 60
55 72
61 97
99 117
90 125
73 134
3 70
46 145
49 81
13 102
96 124
86 142
33 90
19 121
77 141
49 96
52 119
22 86
41 117
79 130
72 146
16 86
55 117
91 130
7 82
109 126
39 107
86 87
13 57
114 139
50 86
118 136
22 125
32 83
51 87
19 144
5 109
14 47
39 111
62 120
16 43
0 127
39 144
17 54
12 52
65 76
9 17
25 86
17 122
98 136
51 63
109 131
33 77
14 95
33 134
88 129
6 47
30 87
1 131
20 38
22 41
30 134
37 82
114 136
70 110
62 123
52 140
18 76
8 39
27 126
51 54
20 80
117 145
27 103
81 123
94 114
88 90
26 103
38 142
1 64
22 91
0 73
87 96
85 88
7 44
43 99
65 89
86 115
45 136
12 30
9 18
21 67
23 73
51 96
44 48
27 44
60 66
24 131
61 126
22 105
134 144
52 86
25 51
77 87
7 37
41 99
32 124
39 54
39 65
42 68
104 111
104 144
66 129
59 119
22 35
77 139
59 91
14 23
122 139
70 84
68 108
37 131
87 137
42 147
74 84
56 109
26 133
48 115
82 127
24 31
115 117
3 122
45 122
85 139
8 103
14 53
74 102
21 80
130 148
73 132
80 137
42 113
137 138
16 54
77 93
44 86
3 37
5 147
8 9
26 57
79 129
37 45
11 13
73 146
29 113
112 138
2 132
85 126
62 132
72 88
76 143
106 149
0 60
2 116
13 122
26 74
85 95
28 65
78 85
14 148
6 36
69 144
69 124
4 5
75 132
43 109
100 121
12 88
75 147
54 127
54 99
1 125
32 56
13 44
87 129
15 149
27 148
37 73
54 142
105 127
51 129
13 95
24 144
112 128
33 122
71 100
2 33
21 84
13 115
73 90
91 121
63 146
43 49
98 138
83 105
87 143
61 63
74 89
46 129
65 122
0 35
136 144
120 128
10 80
18 125
30 36
16 103
29 121
76 87
4 121
35 81
65 80
11 89
29 134
40 98
41 91
2 53
13 24
93 107
76 130
57 104
2 146
8 11
2 6
29 111
21 37
15 76
48 131
67 137
45 113
51 72
39 139
51 109
9 128
120 130
45 80
9 31
49 113
37 90
20 142
26 75
30 99
0 49
15 126
86 146
46 148
5 73
3 103
29 141
46 91
10 31
7 132
60 71
49 116
10 101
103 105
6 120
63 116
72 117
19 118
66 122
69 77
44 47
65 109
62 74
4 141
56 80
26 77
45 48
99 109
70 101
110 120
19 85
64 149
92 143
41 60
53 84
51 105
95 139
14 44
58 102
32 95
27 61
41 50
4 139
7 54
84 128
55 124
64 139
79 91
134 136
104 132
92 129
15 113
0 88
4 26
8 22
11 26
24 74
46 60
35 70
113 136
22 25
65 104
14 101
7 55
0 91
66 103
58 145
78 117
7 128
131 138
22 29
98 121
77 97
26 29
38 61
62 94
26 122
51 140
4 117
30 78
41 114
15 104
39 128
35 141
117 128
42 102
79 135
16 66
49 100
91 105
70 127
52 66
130 131
105 114
23 77
43 140
79 118
85 112
3 97
49 77
7 105
41 144
56 77
25 146
24 51
7 143
38 44
32 128
95 133
30 94
85 90
30 113
80 95
2 80
75 125
14 17
32 48
51 73
141 146
70 119
107 124
40 44
62 63
6 149
56 149
68 128
138 140
57 100
52 53
83 106
19 62
23 78
16 40
125 133
56 63
21 105
3 16
20 136
37 124
46 47
122 132
23 59
28 31
40 61
83 118
4 84
24 86
97 128
93 126
48 63
53 72
115 124
14 137
34 86
41 110
90 98
103 136
119 131
83 100
56 130
18 33
55 68
58 128
52 73
22 126
37 147
113 141
67 76
74 77
29 115
67 114
40 45
68 75
33 55
49 76
42 45
104 127
19 73
36 41
125 131
89 128
21 116
10 64
90 132
93 140
85 89
28 74
9 101
25 80
30 67
12 37
107 120
27 118
48 108
136 141
96 132
78 89
10 19
7 108
20 28
17 87
2 110
2 73
20 34
78 88
64 110
54 144
29 61
99 144
41 90
5 128
71 83
30 33
88 112
50 106
41 77
37 94
73 123
0 124
19 55
13 97
88 140
112 123
6 101
4 128
14 28
102 103
17 79
58 59
7 18
29 123
97 129
28 140
7 26
15 88
68 116
15 146
66 119
52 65
127 148
29 83
19 147
79 131
77 108
67 69
54 149
9 100
11 63
53 118
23 128
42 89
60 86
49 99
35 56
94 96
108 133
114 140
95 141
49 110
42 43
122 146
93 132
8 33
50 84
18 102
71 134
24 117
54 95
41 43
38 118
7 104
26 48
80 109
39 73
89 132
72 98
17 47
97 142
25 93
62 122
24 107
40 117
40 83
37 117
58 127
112 140
63 126
84 148
102 147
12 64
12 20
39 119
107 131
21 46
12 97
24 100
20 146
11 120
26 121
17 63
64 80
92 93
91 142
102 145
70 102
10 136
23 29
127 149
7 126
86 92
53 89
70 148
10 30
50 139
70 79
39 143
12 139
92 138
118 137
29 65
42 88
122 135
24 28
58 85
107 113
4 21
28 79
98 132
61 119
9 119
25 140
3 106
56 60
14 90
114 146
115 130
84 124
86 139
42 66
1 82
110 126
24 29
22 147
50 87
17 140
46 144
116 132
88 105
80 89
33 128
48 71
16 130
1 73
7 131
53 141
19 95
26 85
96 127
9 29
33 63
19 60
71 135
38 50
13 130
7 89
67 79
123 125
2 31
26 70
96 140
60 65
67 72
59 86
80 124
12 147
50 61
17 135
136 147
50 101
17 60
47 74
34 125
37 77
65 112
29 109
138 144
110 122
34 83
91 135
24 53
85 119
36 45
102 124
24 149
60 82
52 139
34 146
94 128
22 92
140 146
25 45
22 80
101 115
11 68
108 120
68 119
80 104
32 34
94 104
80 140
58 75
64 107
33 123
30 139
14 26
31 80
39 129
110 113
17 124
11 117
41 124
65 77
127 143
99 124
139 146
82 120
38 70
44 106
46 113
15 93
118 125
70 146
45 50
9 33
45 145
19 72
71 98
40 125
16 47
