1490277882356244737
150
561
degree
1
144 
26 80
75 94
13 119
0 58
54 96
34 147
14 73
75 97
28 149
65 86
62 143
5 88
90 148
81 117
4 16
29 136
81 97
43 83
97 114
52 130
36 91
33 104
88 108
6 30
11 82
29 49
3 110
12 24
56 124
83 115
5 78
22 33
68 137
90 101
2 95
2 76
14 72
120 124
13 52
78 94
125 134
52 116
22 38
129 130
14 38
2 138
47 140
135 141
29 81
21 129
43 128
84 97
68 112
8 91
103 107
84 133
7 132
33 149
81 87
41 141
22 89
34 78
4 20
108 120
32 86
11 80
2 75
93 114
54 77
68 91
46 71
9 115
54 81
72 119
72 142
79 91
38 126
14 60
71 124
14 62
3 58
124 144
88 119
47 85
72 80
24 149
11 35
88 110
51 76
59 101
27 146
74 135
32 132
74 114
19 98
3 48
28 121
70 126
50 55
57 65
25 74
15 135
108 131
12 140
68 82
11 86
95 148
23 25
59 98
37 66
53 59
10 37
31 130
30 100
79 118
17 57
4 70
18 46
36 40
9 32
30 119
27 116
42 146
83 107
30 37
25 99
4 45
18 105
39 100
27 44
106 136
75 92
64 78
83 127
30 63
80 102
61 143
105 134
123 134
1 129
69 119
95 113
40 111
60 67
90 139
55 83
109 123
44 145
11 122
61 146
75 133
90 110
1 44
60 132
10 62
19 57
9 102
59 123
54 94
79 113
83 118
30 110
69 147
2 86
4 37
13 59
39 117
72 105
115 138
66 122
128 144
26 75
20 114
12 13
4 124
60 143
54 66
100 136
43 120
20 64
55 148
31 52
37 72
45 128
17 92
36 131
28 81
74 128
102 147
22 65
24 132
37 112
122 135
123 139
71 96
58 67
35 122
56 144
46 79
76 115
27 95
22 63
87 139
107 145
17 53
9 45
19 132
90 122
78 137
47 131
2 147
68 130
17 78
0 126
18 123
3 144
30 77
35 38
95 126
15 100
109 144
89 135
66 140
112 125
144 146
108 126
68 123
3 138
20 35
111 140
21 25
65 115
67 85
98 136
1 109
33 56
98 146
1 72
81 140
23 110
70 135
26 135
31 140
10 88
51 96
19 32
7 22
57 126
56 83
45 78
102 124
112 119
68 74
38 60
14 116
25 39
88 140
5 61
1 61
47 80
38 109
67 138
71 134
68 145
21 60
26 116
52 111
72 102
26 57
23 61
2 124
24 63
49 116
33 106
14 71
0 101
33 144
9 85
14 95
14 92
48 88
127 146
74 84
9 136
27 113
45 112
11 111
64 69
11 56
84 146
52 105
82 146
1 45
12 26
74 106
35 110
26 77
97 144
67 133
42 75
65 79
4 125
74 109
53 79
16 101
20 86
21 95
40 77
43 84
45 142
43 62
99 139
18 79
117 129
46 105
9 36
2 48
19 62
19 113
9 21
57 87
78 142
35 123
39 119
84 138
36 93
19 92
133 140
15 138
10 142
27 123
81 127
52 122
10 29
30 109
31 78
81 138
58 111
25 104
112 147
44 82
34 106
55 123
12 15
102 118
13 89
32 96
49 54
26 50
53 125
3 18
73 129
17 58
60 100
17 85
48 63
19 52
63 95
29 39
27 40
69 72
19 78
22 45
49 128
43 148
19 67
68 104
71 136
28 47
35 74
32 115
53 106
84 126
15 119
74 141
23 120
127 144
0 130
1 12
79 90
8 47
7 58
18 100
0 141
118 130
58 115
4 143
15 66
0 61
113 131
50 93
60 93
144 147
30 69
33 69
22 76
31 133
117 125
31 129
17 105
25 118
27 108
85 129
10 107
39 122
72 94
58 143
61 100
57 105
102 132
130 140
25 139
34 124
17 132
58 130
45 70
107 127
29 114
129 143
70 84
89 95
55 65
60 61
26 142
14 33
48 71
13 100
52 138
8 30
100 137
60 101
72 140
85 117
28 50
24 90
55 108
59 80
110 138
16 145
30 75
37 50
4 95
28 45
22 41
62 82
46 137
12 74
64 124
103 131
21 61
40 90
85 105
83 120
109 116
39 67
8 136
59 132
24 136
9 114
42 53
24 89
105 116
69 77
14 113
30 53
72 100
3 24
22 46
3 118
19 140
34 58
11 83
47 57
39 57
52 128
38 114
105 144
8 9
58 80
127 134
49 130
64 143
17 80
95 149
22 131
21 124
32 105
1 121
40 83
76 99
97 106
49 144
41 57
97 141
11 146
6 122
10 45
24 51
3 36
75 116
50 83
18 49
7 42
40 69
98 144
17 114
139 149
52 117
23 149
23 49
8 123
1 82
12 78
89 133
117 149
44 120
95 137
73 127
62 94
126 129
59 88
23 32
47 127
137 148
12 56
82 128
27 86
61 112
80 115
56 128
9 15
70 101
56 127
133 144
29 129
20 60
12 146
80 97
95 105
21 110
47 110
62 134
17 117
55 107
106 125
11 68
99 140
108 118
77 110
54 147
68 102
62 91
91 104
49 121
61 86
25 37
2 40
4 26
13 51
43 97
6 46
49 73
53 120
21 126
100 119
42 90
114 140
2 21
40 57
11 94
97 129
108 132
60 76
93 137
136 144
102 125
82 92
36 63
5 17
17 75
14 18
102 110
39 95
19 65
12 14
0 21
17 62
33 107
58 114
21 30
65 81
86 87
97 143
27 109
111 113
96 145
63 71
54 90
94 136
29 50
113 128
15 74
33 50
51 112
25 130
6 92
55 111
48 135
30 31
23 138
98 114
21 37
11 44
22 34
7 135
97 145
24 66
17 38
24 73
31 72
12 134
52 97
22 96
53 114
76 107
4 34
44 147
13 144
49 136
90 136
36 73
132 147
42 100
50 109
48 147
28 93
40 81
25 147
95 106
15 64
86 142
46 52
27 50
72 75
7 92
64 106
113 115
139 140
59 85
75 135
32 106
118 119
73 133
91 101
11 32
60 66
84 95
129 149
124 137
15 99
43 75
42 68
106 121
8 69
10 20
98 99
99 110
32 134
79 147
49 148
77 125
18 27
39 64
31 134
12 68
40 108
15 97
126 130
112 137
7 53
80 144
20 43
56 81
28 75
26 121
121 141
73 87
19 88
78 80
98 112
11 102
