1490277882830598363
150
930
degree
1
15 
4 55
36 39
130 131
64 84
28 90
43 138
29 117
3 71
15 127
71 79
38 80
9 10
65 84
62 85
40 47
22 133
56 145
11 88
28 141
52 78
6 107
82 131
60 71
30 117
16 91
47 127
72 140
85 127
2 27
63 96
43 95
82 108
38 71
16 140
60 110
5 52
12 81
81 113
99 140
0 21
64 110
75 124
60 66
37 92
19 70
34 90
42 47
23 28
76 135
26 46
49 66
3 23
106 126
9 140
26 105
135 139
27 59
28 134
21 105
53 142
25 38
8 79
50 130
21 108
2 54
98 107
54 146
3 16
118 137
99 144
77 88
33 70
95 123
58 134
28 100
90 117
72 131
39 121
20 113
26 137
89 135
11 23
74 81
60 122
121 128
72 138
30 98
93 94
96 146
13 98
49 119
108 121
65 73
5 12
58 124
20 83
41 149
127 144
116 145
73 106
14 120
73 93
82 148
28 102
60 136
101 119
24 50
20 142
37 57
67 138
108 125
86 105
97 149
52 136
54 70
58 120
41 61
13 32
44 126
15 31
27 97
41 86
129 133
37 93
19 87
51 94
56 105
69 76
18 139
46 135
0 112
55 148
115 120
1 36
14 68
48 81
22 27
103 134
106 109
17 91
136 143
29 111
115 147
32 132
113 114
104 109
7 28
35 58
45 53
9 59
82 142
38 64
21 40
37 120
115 142
28 46
122 145
67 144
77 91
48 126
84 115
74 94
142 148
21 62
53 107
3 136
20 73
97 126
55 138
31 82
14 51
3 43
19 99
80 135
19 139
74 124
24 143
129 146
58 119
104 149
6 104
4 64
2 66
91 111
49 52
58 114
40 67
71 145
31 121
33 147
56 101
20 50
62 132
73 112
83 128
87 126
78 127
92 128
78 95
11 87
27 62
50 77
32 50
57 138
1 129
92 110
95 127
10 47
98 144
72 146
17 131
60 132
64 101
94 121
133 134
129 142
42 71
54 75
39 101
6 26
103 131
40 110
48 139
14 44
3 41
16 111
82 141
75 132
45 90
35 96
5 82
46 98
0 88
4 126
77 92
15 121
51 78
52 111
54 115
44 85
41 43
73 119
9 70
70 117
111 147
47 125
38 43
12 24
31 44
15 17
15 38
11 36
26 100
140 144
26 58
37 114
60 119
83 107
93 116
41 112
106 139
18 121
77 111
115 133
93 122
62 131
33 108
6 83
10 12
72 123
22 100
43 52
8 49
24 109
128 137
114 149
36 97
7 58
66 90
15 116
10 26
0 128
65 118
65 130
0 60
29 121
90 144
98 146
15 82
106 136
80 111
39 40
32 149
44 120
118 125
3 85
1 47
57 60
48 125
16 92
85 116
10 103
50 105
14 78
37 135
22 110
37 43
11 144
21 140
5 46
82 96
32 43
30 57
110 123
54 103
26 112
67 141
44 124
22 46
123 128
13 120
8 11
16 94
45 91
36 38
1 148
33 75
39 114
5 97
14 75
9 76
63 101
31 54
61 69
95 131
20 36
127 128
35 134
4 5
18 149
2 55
21 52
10 118
3 144
10 131
14 149
35 99
19 145
18 41
0 54
63 141
13 99
123 146
3 4
52 91
4 114
51 102
4 147
18 32
84 96
123 137
3 30
80 140
7 14
32 145
78 115
20 38
19 104
25 36
61 97
113 141
54 111
120 140
44 98
100 104
89 92
0 77
32 42
11 72
8 80
57 110
20 98
9 86
3 126
69 89
76 83
69 71
88 149
42 51
1 64
25 42
34 35
80 119
14 132
72 119
130 132
59 63
25 120
39 102
44 77
50 118
74 108
78 142
110 128
4 142
130 136
8 15
71 77
11 118
59 80
102 133
48 124
19 42
8 73
61 138
91 137
12 131
56 80
34 129
16 33
88 136
63 144
31 61
2 8
6 38
71 100
76 78
99 107
98 117
51 98
41 136
39 47
55 107
37 81
117 147
1 41
31 116
38 99
51 88
30 85
119 136
20 110
100 105
52 112
19 83
7 81
56 124
4 6
44 52
19 100
109 134
88 103
5 49
0 13
46 106
62 76
19 72
68 71
92 143
56 93
14 131
24 115
0 9
49 138
17 122
47 75
92 124
42 59
27 44
34 78
2 20
37 94
14 105
33 94
95 126
27 117
40 42
41 104
13 112
31 75
9 74
13 36
67 145
66 133
48 104
0 83
1 142
107 128
33 34
5 58
39 122
53 147
47 140
1 52
53 103
5 24
33 54
54 114
37 118
16 58
22 84
36 78
15 70
18 81
62 107
36 103
25 34
47 100
33 106
11 106
22 64
71 130
78 124
70 125
37 72
62 72
109 115
48 70
43 117
39 54
0 65
21 80
43 61
128 138
11 123
9 115
34 124
10 15
11 47
57 104
76 147
21 116
35 87
98 137
40 120
34 92
8 102
53 146
19 47
52 70
0 10
48 59
4 61
17 104
102 145
72 79
41 72
98 103
40 56
7 136
57 79
31 122
73 96
83 145
55 124
61 82
21 138
58 85
115 139
73 113
2 106
44 88
3 131
100 144
24 57
86 88
68 126
1 118
68 86
28 29
65 127
50 131
28 83
19 67
41 81
36 89
46 64
37 49
70 74
26 140
14 90
30 89
49 96
69 147
4 50
55 111
52 115
131 133
21 47
6 35
20 48
82 135
70 105
10 28
89 100
76 77
65 106
106 107
79 120
23 60
18 101
99 100
36 108
49 105
83 86
12 46
49 103
27 34
45 146
1 34
66 108
13 126
69 93
114 147
112 146
106 143
40 131
96 127
10 24
48 106
43 115
17 65
22 96
67 113
68 125
26 73
73 89
21 65
20 51
91 102
88 132
105 107
15 62
29 48
39 58
11 69
11 89
47 57
58 82
31 35
91 140
4 29
49 112
32 115
6 12
5 92
117 141
29 38
20 24
80 103
18 114
28 99
32 109
15 16
67 112
12 32
121 147
109 125
23 45
10 74
27 42
32 72
78 141
70 142
68 102
28 135
19 119
5 85
53 125
58 59
5 149
14 81
72 97
52 142
5 141
49 53
37 125
23 120
8 35
47 106
22 88
5 76
17 21
131 138
2 17
32 80
42 136
2 51
42 149
28 139
8 88
97 144
8 137
64 97
10 111
34 139
89 114
127 146
0 129
58 89
11 48
72 88
41 145
31 136
13 62
13 39
57 132
34 56
47 51
41 98
13 81
82 112
22 62
102 125
18 147
13 149
15 100
17 144
32 101
11 143
54 107
0 7
110 115
57 76
24 35
59 64
9 27
6 132
10 75
36 59
88 145
54 147
38 105
84 89
31 140
24 25
0 59
1 146
56 86
40 52
66 115
120 141
81 102
23 40
46 97
135 146
5 143
51 68
37 75
10 134
29 51
79 84
42 145
55 132
75 98
6 75
63 87
61 89
108 119
44 67
112 124
89 129
35 92
83 102
84 94
11 27
45 147
112 118
57 128
47 141
4 26
16 65
28 58
27 49
33 96
71 73
22 63
26 30
20 104
86 148
29 113
4 70
23 71
35 51
89 101
63 140
31 56
54 66
107 130
34 137
33 87
0 87
20 145
37 117
3 51
5 96
28 39
34 125
35 146
144 146
102 103
14 32
3 140
19 77
66 139
73 129
4 44
58 115
4 36
44 50
44 57
34 109
45 104
32 137
67 134
11 95
103 132
55 115
25 53
20 89
88 108
2 110
10 85
52 71
29 97
41 105
33 89
27 72
39 133
83 129
121 123
58 106
75 136
7 126
53 116
104 137
28 123
19 96
52 63
113 138
94 136
61 127
83 112
54 139
4 35
120 142
15 68
1 18
53 82
5 90
48 130
66 68
0 119
97 103
79 88
40 93
140 146
35 88
5 8
94 138
36 72
42 57
78 132
15 51
21 31
63 131
124 126
4 96
38 56
82 133
102 135
23 134
80 147
3 121
88 115
25 35
25 76
6 16
17 141
46 104
67 76
80 87
105 134
35 124
45 112
24 42
102 131
100 125
32 138
53 114
27 141
33 64
21 111
42 105
121 145
9 53
36 140
78 86
111 117
41 91
91 135
15 28
9 82
39 65
79 135
13 133
105 147
32 82
12 36
35 143
66 138
18 24
56 88
142 146
117 145
15 39
73 91
74 115
1 78
30 108
49 68
76 145
7 56
118 143
42 114
104 130
94 140
98 102
52 106
129 130
65 114
56 57
23 132
53 88
30 125
18 49
26 143
19 94
62 140
31 97
13 15
11 60
112 113
83 91
88 140
0 24
26 111
51 130
114 116
58 72
9 45
33 99
39 126
21 54
80 88
2 122
35 95
58 140
16 82
63 115
127 137
12 15
65 101
90 138
86 126
86 94
110 137
27 35
24 147
81 98
125 143
39 41
2 61
68 112
31 43
115 123
82 84
9 77
16 137
13 41
39 63
74 126
0 79
9 61
121 124
15 136
105 114
104 132
19 74
8 90
71 95
65 79
62 108
60 131
55 135
6 72
41 84
25 127
1 131
65 110
7 15
95 145
0 113
38 112
34 45
12 113
15 76
22 119
71 105
48 74
60 115
18 21
16 107
77 96
9 15
45 143
3 84
