1490277882462489061
150
561
degree
1
128 
98 137
59 149
18 101
124 143
107 118
53 113
15 109
18 118
30 51
60 79
27 128
38 40
50 67
4 144
28 143
102 128
108 130
36 112
46 101
130 138
11 105
64 97
103 147
26 56
125 145
36 102
129 146
81 118
77 79
1 59
114 120
50 78
144 148
45 93
66 111
15 51
33 102
8 72
55 82
86 135
34 95
114 143
57 134
87 140
37 117
86 116
40 120
25 85
70 124
24 63
56 94
52 74
7 66
1 3
97 98
22 43
3 104
38 77
15 144
82 121
12 131
44 149
97 99
73 139
104 132
39 47
20 74
65 126
98 145
87 110
45 64
40 135
99 111
26 137
8 25
7 24
40 84
124 130
2 64
1 16
21 53
87 133
28 45
105 130
26 128
141 148
82 149
100 145
0 4
42 139
41 128
1 11
30 56
63 75
13 60
96 133
52 95
50 73
101 128
50 68
29 110
0 69
25 113
30 67
0 35
32 77
0 58
19 25
108 131
69 129
59 61
14 108
7 95
63 83
61 103
25 82
88 117
39 114
30 92
9 49
5 136
71 142
23 30
2 5
13 123
119 122
13 37
77 80
50 90
106 141
22 105
10 100
15 134
126 140
36 110
15 17
6 134
44 142
108 127
76 125
25 122
91 128
49 136
31 63
44 115
54 74
62 103
89 104
48 96
36 93
43 141
43 103
76 148
0 2
19 26
18 114
70 131
16 34
27 88
44 127
34 118
32 95
28 33
0 92
13 28
84 108
2 113
39 86
67 89
17 113
20 78
125 132
4 115
63 129
91 126
88 115
2 52
22 57
95 96
116 121
16 107
39 80
41 117
29 149
94 114
63 140
39 128
79 118
2 92
44 117
119 141
5 145
47 56
59 63
114 146
64 136
58 103
8 48
61 127
118 124
78 114
52 60
51 145
53 77
35 85
61 123
0 1
47 107
0 128
42 147
101 105
5 77
22 148
112 148
29 145
124 147
103 107
35 125
27 33
94 104
40 117
111 145
26 101
30 59
19 78
50 95
85 149
73 146
23 68
67 106
78 109
120 137
73 75
65 133
15 138
27 38
65 70
96 121
12 108
6 144
66 100
65 128
109 129
2 126
1 89
23 102
22 37
24 134
3 108
72 122
33 48
100 116
21 121
60 68
13 61
10 119
17 137
82 141
19 111
36 117
68 102
43 83
13 87
8 90
26 106
59 138
22 100
24 139
66 72
61 114
55 123
91 148
23 41
47 128
18 66
128 141
24 110
15 147
95 119
34 39
22 29
23 145
0 102
72 112
12 84
67 137
120 146
17 126
93 144
5 116
4 25
35 112
44 78
99 145
17 45
23 105
8 94
114 127
7 119
106 139
43 113
92 130
60 94
6 118
27 140
45 50
9 82
14 93
99 149
72 83
8 146
41 142
28 39
35 116
81 113
74 131
13 108
66 130
67 103
28 35
16 27
62 68
88 125
38 132
68 113
89 133
22 134
11 31
56 141
14 58
0 25
79 101
43 94
31 33
60 145
19 37
24 76
13 57
2 140
40 42
58 148
60 73
4 56
46 97
44 113
67 148
32 115
37 69
55 124
2 25
103 116
145 149
125 126
108 147
5 10
75 129
93 149
51 125
110 128
109 131
23 59
5 70
17 110
81 116
7 148
71 100
19 57
48 70
71 127
23 92
42 82
30 93
32 101
61 140
88 131
66 144
35 77
54 90
87 97
97 133
90 123
30 135
88 111
11 101
72 119
136 141
31 73
128 143
14 99
101 130
116 143
80 144
5 41
10 138
100 149
74 94
75 78
34 73
15 36
83 90
22 133
14 128
18 25
19 68
0 42
53 126
101 114
0 14
117 127
106 149
64 81
10 60
21 79
8 24
59 102
92 102
8 66
129 130
9 71
100 141
95 131
102 141
20 59
37 115
135 141
53 64
33 42
79 95
75 136
62 110
52 111
49 146
129 132
115 139
10 144
60 142
83 130
89 117
44 55
2 124
27 44
15 64
78 135
16 41
1 108
45 47
19 76
96 120
83 94
28 83
50 136
65 127
28 102
42 118
145 146
22 104
80 93
23 69
27 102
3 9
99 102
63 111
39 82
1 102
49 76
7 143
56 79
52 147
66 83
127 133
16 79
13 21
109 127
108 121
32 54
57 62
49 103
51 141
76 130
33 133
54 134
37 127
138 145
32 103
51 62
58 128
5 44
34 141
13 77
12 76
82 95
130 131
36 138
7 114
4 81
20 72
36 73
86 114
10 75
119 126
108 142
19 79
41 54
96 122
43 75
33 65
36 47
25 64
0 11
138 140
124 134
105 141
110 137
30 81
58 64
88 116
35 59
60 131
58 91
31 50
32 133
6 34
66 93
92 108
56 131
33 138
72 142
97 120
147 148
18 92
101 141
39 64
46 91
1 148
70 106
40 145
1 144
112 114
90 91
78 116
99 136
88 148
66 127
49 59
137 147
18 139
96 104
36 71
23 66
82 125
101 121
3 130
1 138
34 45
10 133
32 40
14 98
43 105
12 149
17 84
3 102
112 138
75 106
77 101
80 130
28 108
82 112
30 35
24 68
54 148
34 131
16 39
76 115
46 104
32 79
31 130
73 135
69 82
107 123
27 45
122 125
128 134
11 41
16 138
43 148
86 122
7 102
113 136
9 68
69 118
54 104
14 77
85 118
35 127
67 134
21 68
59 127
57 130
97 140
8 132
95 101
21 145
68 116
63 100
76 131
22 94
72 78
48 121
59 65
110 124
80 142
0 64
70 119
35 71
37 147
36 55
69 91
5 79
50 64
14 123
136 143
95 123
17 18
93 148
72 148
18 121
85 138
43 128
104 115
48 110
20 117
34 54
143 149
62 71
9 25
6 42
91 118
34 63
74 80
58 67
11 74
119 135
99 114
45 102
54 76
24 58
94 112
22 26
78 102
14 62
72 103
33 116
27 36
46 120
55 85
22 109
10 24
14 92
24 137
23 73
44 73
0 142
86 117
109 140
31 129
17 142
35 67
49 83
8 83
34 132
15 118
76 113
21 118
1 115
116 146
47 143
121 149
14 46
144 145
43 49
20 93
65 81
50 101
11 128
27 130
30 97
113 118
