1490277882859217836
150
930
degree
1
142 
63 132
37 47
9 83
15 80
25 114
6 71
37 143
13 45
19 20
113 142
49 130
31 92
33 48
1 28
125 131
65 86
10 62
22 93
33 135
78 119
19 76
34 48
9 148
79 108
37 112
82 123
83 139
1 29
50 131
16 92
23 77
37 58
77 148
6 104
38 47
9 78
44 117
130 143
123 132
48 90
32 93
41 146
13 39
21 67
116 144
83 142
21 91
13 148
21 143
41 58
5 7
12 64
78 85
9 17
15 74
38 139
106 133
10 78
89 141
43 112
107 147
17 29
80 103
126 143
81 148
42 84
0 13
53 126
17 74
41 50
86 96
65 67
71 75
39 55
22 107
2 130
43 102
109 120
77 114
4 101
20 41
94 147
49 105
13 73
58 79
48 71
21 140
79 109
8 124
89 127
53 75
0 82
107 141
61 144
36 41
52 72
34 56
98 105
48 66
16 131
68 108
96 101
61 141
37 118
59 89
13 93
42 72
44 129
113 138
69 128
40 131
24 39
51 123
0 124
31 115
23 145
57 86
46 102
34 99
29 72
1 69
100 143
18 59
36 106
35 55
69 136
11 32
8 44
30 63
83 111
110 115
73 87
26 145
3 102
13 70
5 62
97 127
42 149
41 64
14 24
60 71
54 77
101 134
111 122
94 95
3 121
69 88
27 78
97 137
28 34
82 99
17 138
1 13
6 79
14 117
94 146
23 48
118 123
11 94
67 71
50 54
16 44
19 70
96 149
64 117
53 94
32 34
17 32
23 39
40 91
45 149
118 148
2 44
14 83
124 128
82 108
66 128
8 147
18 29
15 144
17 57
16 99
96 140
4 81
64 99
74 127
39 58
57 96
10 86
17 65
15 103
86 112
1 141
106 128
85 140
42 129
32 75
87 119
79 140
98 114
34 83
58 122
104 125
19 67
4 55
7 21
32 44
119 147
2 32
85 93
33 92
67 140
41 83
131 132
81 134
5 136
113 140
90 114
32 41
26 90
38 84
5 125
35 145
30 123
121 142
18 35
6 124
23 62
29 43
1 64
99 123
119 143
69 110
13 96
50 89
104 133
41 142
23 31
23 109
23 63
40 66
33 145
96 123
142 144
51 82
18 76
71 77
56 143
30 104
27 85
12 143
60 72
61 80
80 146
93 106
93 142
99 139
59 81
22 144
0 149
27 57
16 134
3 50
8 19
66 69
67 89
60 109
23 94
5 53
41 44
80 116
78 135
120 128
69 73
47 81
31 140
98 106
54 110
49 106
39 73
28 65
41 42
107 121
97 123
6 50
77 142
9 18
4 148
59 144
44 127
123 136
138 144
109 144
36 66
28 112
54 67
49 118
115 118
73 98
1 125
30 73
95 126
39 108
44 115
18 90
3 145
8 62
41 139
82 149
73 124
57 74
79 134
27 88
21 54
32 125
74 126
44 81
63 131
24 106
25 112
37 75
101 122
68 142
32 68
27 140
12 17
65 99
74 101
17 90
46 111
28 121
11 134
6 54
23 25
49 51
1 132
18 80
99 131
21 25
1 16
50 70
36 77
15 131
83 113
8 145
88 107
89 105
29 125
2 116
78 95
35 39
132 146
0 58
73 84
85 109
23 56
119 140
11 106
3 74
6 29
13 57
0 139
52 92
5 36
90 141
28 71
107 108
123 125
23 120
10 107
10 48
30 121
142 143
36 107
92 99
62 143
83 118
36 115
55 57
19 127
45 87
36 109
40 57
57 100
19 106
13 19
4 141
63 144
121 133
51 100
43 73
34 113
43 75
21 92
101 116
55 83
30 116
48 67
83 133
66 97
29 128
11 21
9 119
21 63
110 133
93 112
103 131
36 123
11 143
41 149
34 142
13 111
29 57
100 136
27 107
8 132
37 120
87 125
50 137
2 91
81 94
1 41
75 134
12 37
65 96
9 90
37 99
33 111
8 50
10 30
27 106
5 19
37 71
127 141
57 89
86 109
87 97
74 117
11 77
131 138
12 86
60 145
1 133
43 143
85 111
19 78
24 93
28 84
44 89
76 87
41 76
81 96
51 137
9 137
120 139
27 119
82 127
23 59
12 142
18 120
69 114
34 81
122 145
52 60
66 78
127 147
39 109
65 98
26 50
12 141
40 78
0 79
71 92
34 102
47 69
125 141
25 47
24 72
7 107
7 70
96 144
32 33
19 130
72 100
41 141
102 120
0 81
45 137
93 94
43 70
3 111
89 95
61 138
18 112
3 9
48 130
18 67
22 109
53 101
20 48
75 92
40 45
47 101
86 90
43 103
19 21
104 112
57 137
88 99
3 80
60 64
78 132
62 114
9 63
62 80
42 47
8 143
29 116
12 53
67 142
22 92
31 126
25 110
45 62
72 103
32 81
39 61
2 68
59 88
25 109
31 145
0 73
58 119
62 111
2 57
92 121
108 140
92 97
119 141
69 99
109 149
41 140
32 106
21 128
39 134
129 136
16 24
33 118
8 137
121 138
17 110
94 104
55 60
48 120
4 40
21 120
63 130
61 116
59 141
38 50
24 59
12 140
10 75
53 140
52 76
0 45
33 102
33 110
39 128
56 111
117 121
80 128
137 142
51 102
8 100
12 137
107 143
14 28
29 91
75 115
88 89
86 102
44 49
10 130
0 51
31 131
17 128
20 136
44 54
20 59
5 127
32 83
68 86
69 76
0 69
49 131
123 124
135 143
142 149
19 60
10 35
129 134
40 142
7 146
16 48
50 65
6 28
112 131
96 110
57 129
68 118
72 138
78 111
88 91
54 133
62 117
32 132
28 52
54 73
2 97
146 148
8 99
116 148
15 30
7 78
49 88
50 95
60 142
7 65
26 35
27 142
11 111
40 118
117 149
22 42
32 66
104 116
27 125
15 130
128 132
81 121
31 91
54 104
108 115
48 76
84 131
27 116
40 149
41 97
68 122
25 74
50 108
106 144
46 84
3 84
43 100
65 142
58 63
97 149
39 107
20 85
33 43
34 140
39 149
78 133
77 131
13 76
44 46
58 143
77 85
112 143
11 96
7 51
63 88
16 79
28 78
55 144
2 89
61 84
123 142
114 143
42 132
42 106
24 53
109 142
89 91
103 145
57 126
21 45
50 99
138 146
104 113
22 115
10 117
115 128
26 56
55 125
79 116
72 81
11 16
70 142
7 81
34 149
63 137
59 75
1 129
108 119
30 122
142 147
37 82
89 143
40 90
74 148
47 132
105 146
70 119
61 128
46 119
52 132
3 77
33 108
91 96
106 147
114 123
112 145
48 128
47 100
46 73
10 122
106 148
42 101
50 62
9 138
45 46
71 113
36 62
41 112
22 136
8 36
84 146
66 137
53 114
12 70
17 95
66 115
96 104
39 72
99 132
108 141
57 104
37 72
6 86
87 145
31 107
43 67
59 62
67 125
74 96
39 81
8 101
35 142
53 122
26 63
50 86
36 72
1 90
60 123
24 145
61 70
101 123
60 112
50 125
75 89
68 111
85 91
9 76
16 107
79 113
116 138
30 118
58 113
38 91
57 66
33 39
33 81
8 82
13 110
97 114
75 119
37 121
20 134
67 136
90 144
27 58
26 147
33 80
10 43
52 139
77 149
26 79
39 84
124 142
81 140
21 133
53 93
18 38
13 35
96 114
79 105
106 142
1 76
49 132
45 67
42 120
109 110
38 108
58 132
26 62
84 143
70 84
10 25
41 108
13 55
81 104
72 101
110 134
5 64
48 103
37 109
55 70
3 20
2 106
65 126
71 73
43 108
62 127
103 104
26 105
21 117
51 60
66 88
9 131
47 64
13 63
34 51
8 20
25 43
9 36
5 133
6 18
20 62
10 71
43 111
50 134
124 133
21 28
38 92
64 68
13 122
92 131
13 104
15 58
8 65
3 45
68 133
22 118
67 149
24 103
69 83
140 146
35 114
49 61
78 81
50 110
20 61
57 63
25 90
20 65
103 121
4 15
92 117
77 102
3 149
63 143
56 119
82 115
13 88
13 107
37 89
123 135
51 81
49 82
113 141
54 130
80 86
30 141
5 74
34 123
41 85
2 58
82 122
18 34
10 44
99 143
19 23
2 123
148 149
102 132
54 131
100 139
98 126
50 116
0 147
42 95
45 116
39 144
35 141
70 136
51 61
140 142
100 108
105 112
71 125
20 37
103 144
40 51
42 86
126 129
112 124
65 113
32 57
84 95
78 100
114 122
127 142
52 100
46 99
66 109
27 67
6 134
91 131
119 131
97 124
52 124
121 149
42 71
15 104
12 48
77 96
28 100
108 133
98 100
20 137
72 149
35 104
13 89
5 141
46 58
101 137
3 17
75 96
92 138
33 114
6 117
22 112
61 109
47 142
36 129
41 55
44 137
48 118
27 122
31 114
55 74
2 36
41 74
122 131
102 112
27 134
17 145
11 147
1 11
21 61
9 108
15 44
11 55
90 124
61 117
62 116
53 145
22 53
28 130
102 117
57 87
40 107
70 109
53 99
79 115
77 135
16 55
107 120
67 102
11 144
35 93
92 141
66 107
20 55
93 137
79 148
98 118
47 65
52 145
11 38
46 109
30 36
80 90
9 34
0 57
1 61
107 132
2 31
35 64
67 148
12 132
4 138
59 149
7 118
45 93
4 58
92 101
108 118
89 102
127 135
67 91
91 104
102 118
29 104
