1488588256426884981
50
309
degree
1
39 
44 45
11 18
3 46
18 48
4 13
28 43
7 30
38 39
18 44
42 45
15 39
28 44
46 48
0 34
17 48
24 35
38 44
13 39
39 40
33 42
27 31
23 48
25 36
21 31
34 44
2 28
10 34
24 37
12 49
22 35
19 46
32 34
30 39
24 31
5 30
16 38
48 49
1 30
19 37
7 41
29 39
6 40
14 24
20 35
36 49
16 47
25 26
9 17
8 46
11 19
19 20
28 47
7 31
38 46
18 49
43 48
15 45
29 33
4 15
0 35
18 25
24 47
39 49
13 47
40 48
27 47
24 38
26 30
21 46
36 39
3 27
0 28
11 34
2 31
10 45
13 43
13 28
23 33
20 40
34 35
0 49
32 37
41 47
5 38
17 29
2 8
35 49
18 43
3 23
1 33
20 38
13 34
8 15
14 27
22 46
13 25
31 47
22 43
17 21
13 45
13 21
16 44
7 14
15 21
22 23
11 46
3 15
18 36
35 39
15 37
18 26
15 35
13 29
3 11
22 24
14 37
6 33
23 43
15 43
5 49
38 41
2 13
20 45
36 41
11 37
0 41
7 10
28 30
8 17
4 12
3 26
4 29
4 45
13 35
34 42
13 38
4 35
14 45
6 43
31 34
10 16
4 46
4 47
10 35
8 14
22 25
14 30
8 31
8 27
1 47
6 28
22 28
3 40
30 48
23 49
38 47
5 37
25 28
13 27
7 36
3 16
24 49
32 38
15 25
36 42
9 11
0 17
25 40
4 21
26 37
12 32
16 29
20 47
6 21
15 48
33 38
39 44
10 21
0 12
8 16
36 45
12 41
39 47
17 37
7 13
6 24
8 10
10 12
14 36
8 42
14 40
6 7
9 39
2 7
39 41
15 17
29 48
17 25
10 19
3 47
15 32
27 28
21 24
2 18
23 40
19 33
34 37
4 44
13 16
35 37
8 37
35 47
17 28
6 39
12 48
12 22
1 49
32 40
11 41
17 33
4 41
17 34
7 46
21 25
5 29
8 18
5 45
9 24
32 35
0 4
11 23
9 12
18 35
29 38
14 21
28 46
6 11
21 44
39 42
8 33
24 29
12 40
29 41
5 24
14 18
19 43
30 36
40 49
3 39
0 36
8 13
31 38
35 43
9 20
6 9
1 39
16 25
3 20
44 48
21 34
14 29
25 32
25 30
15 46
18 28
15 18
1 26
16 48
20 32
9 33
17 42
24 48
10 11
23 27
23 34
23 24
13 31
8 30
3 19
4 14
26 39
29 49
18 47
0 15
8 20
4 37
12 29
2 19
19 27
42 43
18 31
47 49
22 33
6 23
10 42
7 32
6 13
0 27
25 39
1 32
11 47
10 41
11 39
15 44
12 26
3 6
6 34
14 26
12 30
24 28
23 44
12 14
17 45
16 33
26 38
7 8
30 42
26 32
