1488588256314514323
50
180
degree
1
43 
10 43
18 19
2 46
35 40
33 42
9 43
0 47
3 30
28 31
36 45
5 16
25 29
21 24
1 46
0 38
23 42
24 41
9 36
27 28
2 28
38 42
26 48
12 48
17 32
25 33
8 42
8 12
25 35
34 43
31 45
10 11
20 21
26 44
22 26
13 41
18 45
22 43
13 49
3 44
14 24
12 24
21 32
7 15
5 23
4 31
18 37
29 39
15 48
6 11
35 43
33 46
9 44
3 31
28 37
37 42
5 18
25 38
1 47
0 39
24 28
9 42
27 43
2 30
40 42
43 46
13 22
17 46
26 28
9 10
8 20
26 34
36 42
33 38
10 22
20 42
27 48
23 24
14 22
19 37
23 43
14 32
4 5
43 47
14 44
12 43
22 35
3 23
7 27
14 21
11 22
27 42
4 8
15 16
5 34
24 40
2 6
18 46
20 43
12 44
6 12
4 42
12 13
19 41
26 45
19 47
23 28
9 37
11 16
39 43
14 19
37 45
32 47
17 24
6 17
13 32
1 25
36 48
4 11
7 36
19 33
16 48
18 36
8 37
8 45
7 32
1 32
19 45
6 32
10 40
1 19
28 29
5 13
15 27
1 40
41 44
11 29
27 49
31 42
29 48
22 37
2 22
13 28
1 41
35 45
32 46
17 29
11 49
18 41
10 15
33 41
25 31
1 15
5 44
3 13
18 38
1 27
9 27
15 19
15 29
41 48
5 42
25 46
37 43
29 43
9 33
8 17
19 43
26 43
16 44
14 41
19 39
40 45
33 47
37 48
11 34
21 34
10 16
13 33
12 26
6 22
0 6
3 26
33 48
5 49
21 40
12 27
19 40
4 41
14 25
1 18
27 40
0 34
23 35
2 43
13 46
45 47
9 45
8 11
41 46
11 28
24 26
23 25
15 31
12 40
4 9
5 27
