1488588256319154221
50
180
degree
1
42 
9 33
5 15
25 42
1 46
23 35
1 30
19 20
5 26
0 37
40 46
14 18
5 33
14 28
27 40
6 39
15 23
12 42
47 49
41 42
26 49
12 44
14 36
18 20
6 23
2 41
1 10
30 34
11 44
1 31
3 37
4 18
39 40
23 42
15 29
8 25
1 7
37 40
29 38
28 48
20 25
21 25
22 38
15 43
13 43
17 19
23 32
2 45
24 30
16 41
25 44
23 38
19 24
5 28
0 38
41 47
14 23
5 35
14 34
28 30
6 42
15 31
12 49
5 18
27 42
13 17
14 47
18 34
6 29
2 44
1 11
31 40
12 19
6 41
1 33
3 42
4 23
24 42
15 48
1 29
2 38
10 48
8 38
1 8
7 27
9 16
42 43
10 14
30 49
21 29
22 31
23 48
12 18
24 44
32 38
30 32
16 40
34 37
34 44
12 41
4 20
14 45
14 30
14 43
18 26
11 40
25 33
14 39
9 48
1 3
8 15
29 40
3 7
16 42
22 32
20 46
16 49
6 48
7 40
30 33
26 36
3 6
38 42
10 36
32 49
35 48
10 44
12 22
12 21
27 33
26 47
10 42
45 48
45 47
0 24
12 35
42 46
16 32
17 23
14 35
18 42
27 28
39 45
14 20
17 26
15 24
10 18
37 48
4 42
7 12
29 46
18 43
8 26
7 43
24 32
14 48
43 45
9 31
21 47
41 45
20 43
40 41
0 44
4 8
24 48
26 34
2 19
32 46
21 26
9 46
0 35
4 27
5 38
17 18
1 42
13 26
31 44
5 44
1 26
20 21
2 31
8 42
10 35
36 46
26 35
5 20
15 28
2 12
3 20
7 30
30 36
10 20
0 30
6 15
2 3
4 30
38 46
16 30
13 45
10 21
20 22
25 35
16 43
14 21
27 49
