1488588256309936204
50
180
degree
1
41 
26 47
16 47
1 41
34 40
4 7
9 11
40 42
4 16
25 38
16 41
7 38
2 46
23 27
39 41
15 19
14 32
0 37
13 14
2 49
42 43
19 37
17 18
37 42
10 46
2 33
1 8
18 47
7 35
0 45
10 24
20 39
10 11
15 30
1 36
1 10
8 40
1 22
31 39
27 34
5 11
6 47
19 28
12 21
23 48
29 41
32 43
12 40
34 44
3 8
16 48
34 43
4 8
9 13
40 48
4 17
25 44
16 46
7 41
2 47
23 36
40 44
15 27
14 40
0 38
13 22
3 5
20 21
17 31
39 43
11 17
2 36
19 34
7 43
0 46
10 35
21 31
10 22
15 48
1 39
1 12
1 24
33 39
42 47
28 46
5 19
27 33
10 17
10 21
7 18
26 34
28 29
32 47
29 46
20 32
16 33
20 29
18 30
20 37
0 42
12 46
1 37
10 29
19 46
22 28
25 46
16 37
7 20
25 40
0 5
32 45
8 47
26 40
36 49
8 41
9 27
6 20
22 40
15 17
32 37
7 9
13 41
20 30
32 41
14 24
1 33
20 49
18 35
0 27
41 48
31 45
35 43
15 25
15 34
12 26
13 38
13 48
18 42
23 37
15 20
21 47
28 49
10 37
26 31
30 41
43 45
40 41
1 5
3 22
35 36
18 31
36 37
27 40
6 18
10 13
16 32
7 21
13 45
3 38
22 34
19 45
22 47
36 46
42 49
21 45
21 28
35 42
16 31
42 45
13 37
8 31
12 41
12 33
9 49
36 43
24 44
11 48
15 38
22 44
2 10
4 29
12 25
26 39
35 48
38 49
9 19
0 32
26 29
41 42
2 26
20 36
36 42
5 8
33 45
19 42
33 35
37 41
16 35
13 15
24 26
1 6
8 25
8 23
34 48
2 37
23 33
29 44
44 48
15 31
37 39
9 36
41 47
17 26
