1488588256380888535
50
246
degree
1
25 
12 28
23 37
16 42
20 30
17 26
34 40
10 27
24 34
23 38
25 27
33 45
30 46
13 46
6 48
10 16
19 29
12 13
34 36
7 14
28 39
1 28
20 35
22 31
15 42
21 36
47 48
4 34
0 29
43 48
3 11
31 38
2 39
9 20
11 32
6 38
22 44
13 31
33 36
29 41
18 21
18 39
14 42
1 14
17 47
19 36
46 49
2 11
5 45
8 43
16 44
20 32
17 28
34 44
10 29
24 39
23 44
25 34
34 39
31 37
14 17
7 9
10 22
19 39
12 20
35 37
7 19
29 35
1 29
20 49
22 47
16 22
22 26
17 25
21 42
4 39
0 30
12 25
3 15
32 48
2 42
9 32
11 46
6 47
23 45
13 49
35 42
18 45
19 35
1 33
15 30
1 17
13 32
40 45
20 39
21 23
7 27
27 33
21 37
39 46
10 36
2 15
10 20
2 32
6 16
15 22
10 15
3 23
37 40
12 24
10 13
4 27
34 38
10 30
36 41
1 15
15 26
2 40
12 26
9 29
23 30
23 39
40 42
4 46
1 6
2 46
5 35
29 40
41 49
23 28
22 34
19 43
11 30
47 49
22 35
4 6
29 37
13 22
19 33
11 26
23 42
15 25
4 18
9 36
7 35
8 13
0 4
1 36
4 30
21 25
5 37
8 41
39 48
22 27
11 12
14 24
28 45
22 24
9 23
31 33
0 1
1 11
8 18
10 34
23 29
4 41
25 41
17 30
25 39
18 32
27 28
1 10
16 24
26 49
15 43
44 46
10 24
1 8
6 41
23 27
22 25
7 23
2 33
20 44
4 35
0 19
20 37
25 47
11 19
30 34
24 25
21 43
4 19
4 25
18 25
9 49
24 47
9 21
8 45
7 32
38 39
1 31
19 21
4 32
3 8
14 15
7 18
17 46
14 35
21 32
0 32
22 48
10 19
27 31
6 37
3 4
1 24
16 17
11 31
13 21
6 35
36 46
34 46
42 45
16 37
46 48
9 19
15 27
9 22
10 31
16 46
6 12
24 29
29 31
6 26
37 38
19 20
3 30
25 43
4 14
14 25
18 26
0 8
36 39
5 6
6 21
16 49
32 36
2 7
27 41
27 42
6 33
13 38
12 34
3 24
3 5
9 11
35 45
2 14
41 45
5 29
18 48
26 45
24 43
