1488588256285815498
50
180
degree
1
43 
2 16
22 34
27 47
23 25
10 16
42 43
26 32
6 19
38 45
18 38
43 44
28 47
5 48
25 33
7 49
9 14
20 26
6 23
2 44
28 49
20 24
13 18
14 24
32 39
30 40
43 49
22 26
3 36
26 43
6 49
8 41
8 24
1 3
28 38
3 23
24 30
37 39
13 15
5 35
35 38
7 12
12 29
2 31
11 40
8 46
0 40
4 33
3 17
21 34
22 35
27 49
23 27
10 17
42 48
26 36
6 20
39 42
18 44
44 49
29 36
6 8
25 43
8 13
9 19
20 37
6 28
2 46
29 45
43 48
13 28
14 35
33 44
31 43
9 23
22 45
9 36
3 40
27 45
7 15
9 11
8 34
2 43
1 4
17 22
43 47
27 33
30 32
3 29
28 34
25 38
25 36
17 43
13 36
14 45
9 44
5 46
39 40
28 32
7 27
2 37
33 37
25 41
17 29
12 42
12 30
12 27
5 39
17 28
16 46
19 34
9 29
8 18
29 43
24 39
0 42
48 49
17 19
36 38
25 34
26 28
37 38
4 48
3 28
7 8
14 19
6 16
30 34
3 22
18 22
28 40
39 43
10 46
28 41
39 44
4 22
35 48
30 39
35 44
5 32
0 6
17 39
18 21
18 24
3 21
11 36
30 37
24 35
15 34
7 25
2 25
8 37
26 45
20 43
3 15
7 48
41 48
11 25
23 32
32 35
13 42
13 23
5 6
16 30
22 29
6 36
14 18
10 12
17 38
28 45
1 30
5 20
17 32
37 49
29 42
18 32
15 22
33 40
31 45
14 22
8 15
33 49
9 27
13 16
19 30
11 38
19 44
0 35
29 38
5 42
3 11
25 48
0 43
2 35
0 20
29 33
22 36
3 6
5 21
16 34
14 41
18 42
19 20
16 49
13 31
21 43
27 46
11 31
2 41
0 11
17 26
15 41
36 41
