1488588256328319986
50
246
degree
1
29 
8 16
23 32
2 19
4 37
19 39
29 38
20 27
9 26
10 24
5 12
2 37
9 45
9 48
11 22
39 44
39 48
13 14
23 26
3 8
24 31
27 44
29 39
5 36
14 17
4 8
0 11
12 23
17 31
29 49
15 45
13 16
25 26
29 43
15 41
21 36
9 47
11 15
34 39
6 46
18 29
6 18
0 40
35 44
1 4
42 44
19 28
30 41
7 44
25 33
23 33
19 41
29 42
20 31
9 29
10 27
5 14
2 39
9 49
10 14
11 27
40 49
41 46
13 21
23 38
3 10
24 45
28 40
30 38
5 41
14 28
4 12
19 48
12 35
17 48
31 37
16 28
13 30
34 35
26 28
14 41
3 28
31 38
16 29
18 31
31 47
22 39
13 32
15 43
33 49
10 25
2 23
11 35
37 46
25 47
41 45
9 30
7 19
3 39
8 30
25 46
16 47
19 37
23 37
20 37
6 34
29 46
42 47
16 36
0 42
1 7
0 12
20 46
21 29
3 21
23 49
20 49
20 26
24 35
15 21
3 36
21 39
7 20
12 49
27 39
8 42
23 27
9 36
32 41
30 36
21 26
4 6
35 46
9 32
11 41
5 34
9 38
8 34
6 14
33 44
39 40
1 30
11 38
16 35
28 48
29 37
14 16
29 41
6 41
7 28
4 49
7 10
21 43
38 44
10 11
10 32
8 19
14 25
4 48
1 40
12 48
31 42
26 48
16 27
18 37
0 20
30 33
6 30
14 32
23 24
12 25
2 24
0 30
2 3
38 42
1 37
40 41
44 48
38 39
20 32
18 43
30 44
14 33
32 44
16 49
3 48
27 42
43 46
16 43
24 47
0 7
28 47
44 46
14 22
31 36
8 41
35 38
18 38
4 19
12 42
4 44
1 11
11 17
19 23
10 13
17 35
7 41
6 25
24 27
0 5
42 45
10 29
1 23
28 37
32 36
8 24
25 29
1 49
31 33
20 23
5 30
39 42
15 47
19 49
5 17
31 45
33 40
25 27
15 46
13 26
16 25
15 40
18 20
23 31
5 27
18 25
14 46
16 20
28 44
18 23
24 44
37 47
17 20
29 45
26 29
33 41
25 42
21 25
2 7
12 41
37 45
8 17
4 25
2 28
23 36
11 33
34 47
1 26
13 40
33 39
29 44
24 46
5 21
24 29
35 45
8 10
