1488588256396838562
50
309
degree
1
39 
27 37
42 49
20 23
10 47
0 21
29 30
17 26
11 48
4 33
3 40
15 42
26 30
11 12
1 7
14 43
3 43
5 44
8 46
10 24
28 40
33 40
25 44
10 23
28 41
15 19
5 30
26 39
29 49
24 45
14 18
24 37
27 31
28 30
10 26
11 29
2 5
0 32
17 38
6 12
7 20
10 34
13 16
14 22
44 46
13 49
13 32
3 9
24 36
22 35
43 44
20 24
10 48
29 35
17 30
12 14
4 35
3 41
15 47
26 38
11 17
15 16
3 46
5 48
9 12
10 31
29 36
34 43
44 48
10 32
29 40
15 32
5 36
27 38
31 35
25 42
14 32
25 36
28 35
29 37
10 39
30 41
11 44
2 8
0 33
18 30
6 21
7 31
33 34
28 32
11 13
31 38
25 30
36 39
3 24
21 27
13 21
13 40
2 29
2 44
5 15
28 29
19 25
25 27
8 21
15 18
22 34
21 26
1 10
19 33
10 45
14 47
19 23
19 43
6 34
14 31
16 45
7 16
4 16
11 16
0 22
24 32
37 44
6 44
3 21
41 49
9 31
28 48
3 20
15 43
5 14
6 30
27 35
19 20
2 31
18 33
8 15
7 40
25 29
31 46
37 38
0 28
37 45
39 48
16 41
18 44
25 39
11 40
21 49
14 35
10 25
12 30
29 34
32 34
18 36
16 31
37 39
30 34
34 41
8 47
18 32
13 36
13 27
34 37
3 34
6 40
26 48
12 42
2 10
34 39
1 21
3 31
3 22
9 48
13 47
11 21
13 29
18 19
10 46
17 41
30 39
10 38
4 18
17 37
7 34
33 37
11 22
9 25
26 31
1 44
1 48
9 39
17 47
30 36
5 23
22 24
41 47
1 38
12 39
2 48
1 39
3 29
21 43
18 39
15 30
8 44
6 18
1 41
6 8
4 36
1 4
20 31
18 38
8 9
31 34
8 25
26 41
7 49
27 44
31 40
22 41
36 48
10 15
8 12
12 19
6 45
12 13
39 49
19 36
22 30
12 23
23 44
7 46
11 45
13 46
10 42
20 26
5 47
7 32
21 38
38 49
17 46
30 38
12 20
25 26
19 49
26 46
20 46
18 43
4 29
2 28
7 26
18 22
12 45
9 49
9 36
8 48
31 44
9 28
1 49
15 39
43 47
14 25
11 28
8 42
17 23
43 49
0 38
5 12
40 41
21 23
34 40
9 15
6 36
21 32
0 26
29 31
17 39
21 45
3 6
17 33
23 43
37 49
11 27
27 39
6 17
12 48
0 40
31 42
25 41
16 23
9 20
0 15
3 42
35 37
6 25
6 23
35 42
6 10
4 9
9 14
30 49
36 37
0 14
40 42
29 39
20 43
15 40
15 37
18 45
5 25
36 43
1 23
7 22
17 45
35 46
2 16
8 39
2 19
42 46
24 26
42 47
