1488588256403809049
50
309
degree
1
16 
39 49
37 49
35 39
29 38
2 22
3 6
24 31
9 35
20 47
5 13
5 49
17 34
4 14
20 25
4 27
7 32
31 46
1 31
9 23
19 43
10 29
16 33
16 18
13 43
32 36
5 36
15 41
24 33
35 48
9 45
6 25
21 35
5 47
44 49
3 15
18 23
12 35
8 41
9 38
8 42
4 7
2 3
0 1
14 17
11 21
28 47
23 40
26 37
6 30
38 39
35 41
29 41
3 7
24 36
21 24
5 15
6 9
17 41
4 16
20 34
4 29
7 37
32 43
1 32
9 29
20 26
10 37
16 44
16 30
14 19
33 41
5 42
16 22
25 29
47 49
10 17
6 33
22 30
6 11
6 14
27 31
3 19
18 46
13 16
13 25
9 14
10 14
9 16
36 44
21 36
9 18
5 28
1 8
9 49
44 47
26 48
2 7
14 30
20 21
14 15
27 48
11 24
2 16
21 31
30 40
5 37
32 39
13 18
30 33
6 49
0 39
15 19
12 14
35 44
9 41
5 12
33 38
12 43
14 20
1 45
17 26
19 33
26 33
33 47
2 4
23 44
2 49
20 44
34 44
13 39
33 36
4 43
11 48
32 48
1 48
26 49
2 44
20 41
23 30
17 40
1 6
11 27
7 26
10 32
32 46
7 40
13 22
5 35
18 28
5 30
18 27
4 40
7 25
41 43
34 47
30 47
15 38
16 26
16 39
30 35
24 40
9 15
32 37
7 12
27 38
15 24
16 20
7 49
16 36
5 38
29 45
30 32
18 49
32 33
2 6
39 47
36 48
35 36
39 42
15 16
0 27
23 24
27 32
22 32
3 46
35 46
22 26
39 40
14 27
32 35
16 31
15 35
14 48
3 13
0 47
24 37
2 17
20 45
25 48
29 31
1 15
19 22
12 22
23 41
42 48
18 37
10 38
19 34
6 48
17 45
4 28
17 33
1 10
9 33
19 46
10 28
3 11
15 47
12 28
19 40
4 39
0 21
7 48
25 32
14 44
38 48
44 46
19 36
17 47
1 21
16 34
43 46
12 34
5 26
21 39
2 26
27 44
5 17
24 46
12 37
12 45
21 48
14 47
10 25
11 43
3 27
37 42
15 31
28 39
19 28
15 26
33 46
14 29
25 31
0 33
2 42
3 36
17 49
2 24
27 39
2 33
9 26
3 44
8 15
17 25
25 36
9 40
8 13
12 17
0 42
23 43
13 42
16 25
30 49
5 14
18 24
6 20
3 21
27 29
22 43
36 39
23 32
12 46
15 49
10 47
36 41
46 49
11 23
15 37
4 25
5 20
20 49
1 20
0 43
8 16
11 28
12 47
14 23
4 48
9 43
17 39
6 12
4 46
9 32
20 42
1 18
36 46
14 46
21 46
31 44
