1488588256348048688
50
246
degree
1
16 
21 37
18 26
19 23
19 29
6 11
14 32
8 46
30 42
38 46
16 23
40 45
24 44
9 43
11 13
39 45
1 42
6 40
1 16
32 41
22 23
29 31
14 19
30 47
6 7
42 46
7 14
10 29
15 25
16 44
18 45
16 17
15 32
22 35
4 32
13 48
13 36
21 24
20 41
5 32
6 43
4 33
28 45
3 5
9 27
0 4
2 39
8 49
12 46
34 39
19 24
19 31
6 12
14 34
8 48
30 48
39 44
16 28
41 47
25 28
9 48
11 18
40 49
1 43
6 45
1 17
33 41
22 36
29 48
14 30
31 48
6 13
7 20
10 39
30 45
15 41
17 29
19 35
16 35
23 34
4 39
31 49
16 18
14 20
16 46
22 27
11 14
20 25
20 23
21 45
5 42
8 33
24 34
7 15
4 42
16 33
6 16
31 35
19 44
16 31
22 37
12 35
27 42
21 23
3 12
9 49
29 49
13 45
42 48
16 25
20 34
29 42
6 18
1 23
1 11
10 26
21 38
12 13
7 16
21 41
25 30
17 27
15 19
15 24
0 9
17 30
22 28
10 18
17 24
29 33
15 38
17 32
15 18
3 33
35 38
3 4
2 28
35 39
3 21
26 31
19 34
16 20
11 24
34 35
14 45
3 7
7 33
3 46
24 30
14 29
17 43
5 10
10 35
30 34
12 33
12 22
19 20
5 29
2 4
17 18
9 19
12 34
13 41
34 38
14 22
10 16
13 39
30 31
11 44
14 33
20 22
25 43
14 16
21 39
21 36
0 29
5 13
5 7
9 23
23 45
36 46
39 43
5 16
20 47
9 44
11 43
28 35
0 38
29 44
12 16
8 36
6 35
38 45
20 42
16 37
6 41
2 7
27 49
15 22
11 46
21 29
5 47
8 23
4 9
38 42
6 38
24 42
10 44
0 26
8 34
2 19
8 14
10 38
6 15
24 49
20 30
40 41
2 29
2 36
18 28
3 47
19 32
22 25
5 44
13 22
14 15
8 38
15 48
20 38
5 38
6 36
2 37
8 31
36 38
8 13
23 41
13 20
9 37
27 46
9 33
3 43
38 47
15 20
1 24
21 22
28 34
37 41
30 33
6 25
4 49
15 30
14 24
3 22
4 40
13 24
32 38
15 37
32 42
9 20
15 26
38 41
30 46
9 11
