1488588256445835443
50
309
degree
1
20 
15 21
5 33
21 49
7 42
8 20
33 42
23 36
14 47
2 10
2 27
12 20
30 49
2 9
0 46
7 30
12 19
5 36
3 22
14 49
30 43
5 40
27 33
20 28
37 41
21 24
32 36
4 35
39 49
6 16
1 26
1 11
12 34
14 20
37 38
28 48
25 36
32 38
22 41
9 46
0 1
22 45
17 18
44 45
20 35
0 31
18 42
13 27
16 30
20 29
5 34
22 23
7 43
8 21
33 47
23 41
15 17
2 28
12 24
31 40
45 47
7 34
12 26
3 24
15 25
31 41
5 45
28 29
20 42
39 42
21 40
33 43
4 40
6 23
1 28
10 21
15 22
1 12
12 49
14 38
40 41
22 26
30 41
16 21
26 44
2 19
34 44
23 46
13 22
10 23
8 36
24 29
0 42
36 47
17 48
9 44
12 32
7 45
21 44
3 40
25 37
10 47
10 32
5 24
25 46
0 32
7 47
22 40
6 18
0 20
11 39
1 4
2 18
4 7
25 26
6 9
16 43
35 41
11 41
25 47
11 16
1 47
20 38
29 37
29 31
12 48
26 40
11 30
14 17
13 18
9 11
31 36
14 37
32 44
10 36
30 46
20 22
3 6
23 44
20 49
4 12
25 41
9 41
10 34
10 33
1 7
18 30
13 32
37 48
16 28
16 38
23 26
17 31
1 14
0 6
3 37
9 39
17 19
30 47
23 27
5 20
3 18
33 49
4 21
22 49
23 40
5 42
17 47
20 31
14 43
34 36
4 20
5 38
15 16
1 43
7 41
13 31
18 37
30 37
3 33
10 30
27 49
14 22
21 39
12 44
5 48
7 12
11 18
10 20
20 40
21 25
29 49
15 37
1 22
9 36
16 46
31 33
31 38
22 43
30 42
11 25
17 28
29 35
5 41
3 44
3 23
41 46
48 49
18 26
12 35
31 42
6 31
7 33
30 33
22 38
19 39
42 49
5 49
2 46
8 12
15 23
20 32
17 22
26 48
10 40
1 20
7 32
10 22
10 39
6 47
6 44
37 45
5 39
1 35
26 45
6 26
11 35
0 7
5 35
6 46
26 30
7 25
13 16
19 48
10 16
0 25
8 26
10 44
40 42
0 13
10 14
3 5
38 41
22 32
23 49
4 47
0 15
23 43
14 41
28 32
24 27
40 43
11 38
4 27
15 39
12 41
22 27
1 3
1 23
23 30
7 9
4 46
5 18
4 37
14 42
11 40
2 3
32 46
30 36
9 17
30 40
2 37
8 27
3 15
37 44
37 42
27 44
9 42
8 9
3 26
2 41
45 48
7 38
35 37
2 13
20 30
1 19
43 45
10 38
10 25
3 16
13 26
42 44
20 47
0 47
45 46
16 39
20 33
12 17
37 47
1 39
