1488588256323725677
50
180
degree
1
15 
10 19
5 8
14 48
17 40
23 43
11 15
11 26
15 43
0 12
11 37
33 38
9 28
2 29
14 34
39 48
0 5
10 18
22 47
18 27
36 48
16 17
33 48
1 38
12 42
1 15
29 36
15 21
25 36
10 17
15 24
24 28
0 15
3 6
46 47
0 44
15 20
13 41
6 22
12 22
16 20
43 45
13 42
4 34
7 9
21 35
30 44
20 32
36 49
26 31
14 49
17 41
23 46
11 17
11 29
15 47
11 41
33 47
9 32
2 30
14 40
41 44
10 24
23 33
18 38
38 43
16 28
35 38
15 38
1 39
13 17
5 48
1 17
30 40
15 36
26 36
10 28
15 40
25 29
29 45
3 11
45 49
0 45
41 46
14 25
6 32
25 45
12 41
16 35
16 45
11 28
5 36
3 41
40 43
14 32
12 21
27 43
31 38
10 49
31 46
5 22
23 30
14 24
1 45
16 23
4 46
4 9
0 42
5 24
7 28
0 28
4 6
7 22
29 41
18 47
5 13
2 9
11 40
9 38
23 39
0 31
12 44
13 43
45 46
14 44
8 35
13 32
15 37
5 31
6 14
1 32
24 36
32 40
1 29
28 42
36 45
22 45
9 30
7 31
0 26
16 31
27 29
7 47
24 34
19 20
6 40
19 24
7 40
14 43
16 34
7 14
20 42
31 47
37 42
5 46
36 39
46 48
7 27
31 39
6 43
17 24
43 47
16 21
11 34
18 43
4 14
8 17
5 33
38 49
21 23
6 11
42 43
15 45
11 19
36 41
1 40
40 49
22 49
30 41
4 45
0 35
25 41
2 37
5 14
24 33
3 13
2 44
7 17
14 23
33 37
5 44
28 38
15 19
6 10
16 26
43 49
8 11
17 34
12 49
29 48
27 33
5 45
10 36
23 25
17 44
27 30
8 28
