1488588256305225134
50
180
degree
1
31 
14 30
2 37
14 45
31 32
4 31
13 31
39 42
36 40
3 48
14 28
17 30
6 28
30 49
24 48
7 48
18 36
28 31
7 13
37 49
22 28
20 49
32 38
10 16
19 46
7 46
18 42
37 47
1 9
16 44
26 43
1 2
33 38
15 39
26 42
8 46
1 39
18 34
8 11
21 39
19 35
16 25
27 38
1 25
29 37
0 37
5 47
23 49
12 16
22 41
14 46
31 34
4 32
13 33
39 48
36 46
3 49
14 32
17 36
6 31
31 41
25 34
18 45
28 45
7 18
39 45
21 35
33 41
10 24
20 32
8 12
19 27
40 42
1 10
17 28
27 44
1 3
35 38
16 24
3 24
27 48
9 17
1 42
19 28
8 22
20 39
43 45
11 30
20 33
15 17
18 27
30 31
4 14
15 37
17 21
3 18
2 33
29 40
4 49
26 33
1 28
12 29
16 39
40 45
2 14
10 21
32 36
9 13
12 17
0 39
18 24
23 37
6 20
6 25
4 24
17 48
2 43
26 32
27 47
7 24
10 32
36 44
31 46
29 47
16 48
13 16
10 17
31 44
34 40
18 20
25 31
11 34
29 31
6 17
8 14
17 34
20 36
0 14
6 46
40 48
24 35
13 43
5 31
11 33
24 27
8 41
3 36
11 49
22 31
0 29
10 44
20 21
9 18
15 21
3 9
16 27
3 25
0 25
3 22
4 16
28 30
21 22
11 43
17 24
6 30
5 23
2 39
12 19
2 9
10 37
12 33
16 32
28 40
1 19
31 40
29 41
2 6
23 34
8 36
10 12
41 45
2 34
22 48
6 38
28 49
11 35
0 38
36 39
8 18
5 39
1 11
19 42
0 20
4 44
6 8
26 41
8 47
3 6
33 39
42 46
0 22
29 36
34 37
11 16
1 46
12 13
29 48
0 44
2 23
16 31
5 11
41 43
