1488588256389298318
50
309
degree
1
19 
7 19
1 35
17 36
31 47
18 43
20 26
12 45
34 45
34 38
28 32
10 37
3 20
29 33
14 17
26 29
4 6
10 25
5 37
12 20
46 48
9 21
12 17
1 16
40 46
22 39
11 31
1 3
9 44
41 47
14 37
0 41
13 25
19 22
6 38
9 10
2 37
9 15
28 43
4 19
7 18
14 42
3 27
22 46
23 24
24 39
11 27
8 9
17 30
0 49
17 37
32 33
18 46
20 30
12 48
35 37
28 40
10 41
3 22
29 43
14 23
26 40
4 8
10 31
5 40
12 28
19 25
9 27
12 26
1 17
26 32
23 31
11 42
1 5
10 16
15 19
0 42
13 41
19 43
6 47
9 22
2 41
9 48
9 28
13 48
30 38
4 26
4 7
7 30
6 29
17 31
27 48
15 33
9 30
3 34
24 32
24 37
5 30
26 33
12 13
28 44
11 33
28 49
15 31
34 49
8 28
8 37
2 43
16 49
8 22
25 45
3 32
12 18
18 35
4 36
25 42
6 39
7 46
22 44
20 33
5 26
31 36
10 22
24 49
6 32
3 49
31 38
2 30
11 44
20 36
29 37
8 40
3 4
40 47
1 43
4 23
10 36
16 38
10 21
35 42
40 48
19 32
44 45
4 49
0 17
13 40
5 25
10 29
42 43
25 46
6 27
27 30
9 43
28 34
42 44
4 25
33 43
4 37
19 28
32 40
0 24
21 22
13 18
27 46
18 25
12 44
13 39
33 36
12 19
34 40
1 11
9 39
11 21
22 48
7 48
32 47
2 44
42 47
17 18
15 16
42 46
2 24
34 43
19 41
13 24
20 32
14 36
1 14
0 44
4 32
38 47
12 14
12 40
1 15
21 46
8 25
21 48
13 44
2 9
9 20
0 3
29 30
10 13
15 20
1 23
0 34
5 17
2 32
3 43
11 18
1 24
8 32
35 45
7 42
18 20
25 28
29 46
19 37
11 19
16 33
27 42
24 40
31 33
2 31
7 45
19 24
22 34
3 44
42 49
9 38
20 45
29 39
19 48
2 7
6 28
4 34
32 37
1 19
32 43
41 44
12 21
18 48
4 21
21 45
12 27
19 39
15 22
11 40
13 15
13 20
1 13
36 42
20 42
6 17
10 47
13 37
22 42
26 27
19 29
7 31
14 25
36 44
24 46
1 33
0 4
11 32
1 45
5 43
22 29
31 44
9 19
0 2
23 38
17 33
18 31
2 47
16 37
2 23
9 24
13 14
48 49
6 40
6 9
5 18
0 1
8 49
30 37
11 43
40 43
11 35
38 43
10 35
28 48
42 45
10 20
7 47
18 28
25 30
3 36
7 13
8 33
12 41
13 30
30 32
33 45
1 41
20 27
36 46
21 27
21 25
6 11
1 39
