1488588256433204221
50
309
degree
1
43 
17 43
28 42
11 12
4 36
43 47
33 38
8 29
8 44
5 21
5 33
3 22
31 34
0 9
9 38
26 42
9 47
35 37
2 49
11 26
23 28
3 45
20 34
19 45
18 39
21 29
26 30
13 25
39 43
18 32
16 35
34 48
27 31
0 19
12 35
7 41
43 49
31 41
18 24
19 48
15 36
3 12
25 42
0 36
1 2
10 46
17 46
10 14
8 40
6 10
28 43
11 13
4 37
44 46
33 43
8 31
8 47
5 22
5 35
3 24
31 43
9 42
10 13
36 39
3 5
11 34
23 42
3 48
20 48
20 30
19 23
21 45
27 28
13 38
18 49
17 19
36 49
28 36
13 15
8 11
10 21
33 40
18 47
20 44
16 24
3 17
20 42
13 45
44 47
34 37
27 33
0 38
1 4
4 16
1 45
22 34
11 29
16 31
28 33
5 31
22 43
9 13
0 1
14 26
28 30
14 30
4 49
19 24
28 48
2 17
5 37
5 17
39 40
10 40
18 23
10 16
9 17
12 24
31 36
9 33
1 34
22 31
16 30
21 37
45 48
8 23
26 34
16 39
2 34
17 26
21 40
26 40
13 42
9 30
3 43
7 37
8 12
17 18
4 22
7 49
41 46
11 14
21 23
11 43
14 23
10 39
38 46
20 35
9 36
15 33
31 45
22 48
6 38
33 41
7 40
19 36
39 47
0 10
12 41
15 42
7 45
30 40
34 36
3 41
4 12
3 26
4 33
9 11
0 5
2 26
14 46
27 44
16 43
5 43
39 49
2 10
9 46
21 44
0 33
4 31
29 43
27 49
30 35
32 45
6 46
2 27
1 36
18 25
25 38
28 32
6 13
32 44
0 44
0 27
3 21
17 20
19 49
37 44
22 44
2 9
13 46
9 19
14 20
0 39
22 25
46 47
6 20
21 26
9 44
33 37
21 46
5 46
11 33
10 15
6 40
35 40
23 29
34 41
36 43
5 25
11 49
15 48
12 31
18 37
30 38
15 38
4 23
1 26
15 32
1 35
26 27
4 38
22 41
3 44
15 47
19 35
23 43
16 37
7 17
1 16
3 29
23 37
12 39
3 18
30 41
13 29
4 34
30 39
15 16
42 44
25 28
16 36
25 32
7 23
2 41
37 48
16 21
12 15
0 47
0 21
12 23
3 40
16 46
9 41
25 37
14 37
28 29
2 16
0 41
7 31
23 45
7 10
34 35
11 23
14 17
19 39
6 9
15 18
8 36
1 47
1 7
32 36
37 43
5 9
31 39
6 42
13 35
4 15
20 40
24 31
23 31
23 26
42 43
17 33
16 41
40 43
28 45
10 18
2 35
18 43
39 41
18 44
19 27
23 25
18 30
47 48
