1488588256416148743
50
309
degree
1
37 
18 48
7 24
33 45
31 49
31 45
15 25
4 42
0 28
1 16
2 13
3 4
5 6
1 38
10 21
15 28
24 37
12 30
22 44
26 38
3 15
2 42
18 40
8 22
19 37
13 48
7 48
34 43
23 30
11 31
46 49
18 36
8 47
33 48
6 18
14 23
24 43
5 26
29 30
17 40
35 42
39 47
13 27
7 47
3 30
41 44
15 20
9 25
21 35
30 32
33 47
32 35
31 48
4 44
2 14
3 5
5 9
1 39
10 26
15 36
24 48
12 37
27 30
3 18
2 44
19 23
8 29
20 22
14 25
8 14
36 40
24 25
11 43
33 42
19 25
9 18
35 49
6 26
14 41
25 43
25 47
5 34
19 28
29 49
0 49
16 22
30 48
18 35
38 49
14 15
6 46
26 29
3 37
1 42
4 38
5 7
17 19
1 37
37 45
32 33
6 33
43 46
19 21
2 34
17 21
0 7
24 44
2 29
12 16
9 16
16 28
0 14
10 14
7 37
15 18
4 34
10 35
10 40
25 35
31 37
10 20
23 45
19 49
6 23
3 6
35 38
34 38
22 41
25 28
36 44
26 42
34 35
9 35
10 46
19 48
17 20
2 31
5 16
40 48
8 20
21 32
26 28
15 27
15 30
30 41
8 34
2 32
40 46
11 42
26 44
42 48
23 38
1 40
8 23
13 14
23 39
11 19
23 48
13 43
14 37
3 25
11 22
9 31
13 39
0 4
9 11
5 31
0 9
0 11
0 13
26 27
6 35
29 48
28 40
0 45
4 8
15 47
6 15
14 38
2 33
38 40
8 28
5 28
18 24
25 49
21 37
12 19
3 29
21 26
8 44
24 47
40 45
30 49
2 36
32 38
6 36
8 48
22 38
26 47
11 46
11 27
14 32
23 35
13 30
13 18
20 39
35 36
10 22
14 19
24 26
42 45
17 27
2 11
1 36
10 42
7 27
19 40
12 41
3 32
15 49
40 43
18 34
16 24
7 32
35 41
44 45
9 34
10 49
6 28
4 17
23 37
20 45
35 45
37 42
11 25
25 26
0 16
27 37
20 24
17 42
4 36
11 20
23 42
0 37
28 41
17 49
18 19
11 41
19 33
9 24
16 33
2 21
23 34
30 46
2 24
27 39
4 32
35 37
4 47
3 16
10 37
11 16
14 17
13 44
15 43
14 18
27 44
9 47
2 35
2 5
33 46
0 10
12 28
15 46
39 49
26 49
12 21
15 34
17 30
9 48
15 39
20 25
36 47
37 43
42 44
5 29
5 8
33 38
10 48
19 47
28 44
20 27
38 46
11 45
20 21
13 42
12 38
25 48
9 26
11 29
21 47
25 38
27 36
21 23
