1488588256338454066
50
246
degree
1
32 
42 48
13 18
18 31
26 32
16 36
39 48
6 49
1 6
37 49
4 45
41 46
12 32
7 48
13 19
40 48
11 47
12 43
9 27
33 34
27 42
21 26
41 48
11 42
12 25
28 43
34 39
3 30
9 44
32 46
4 14
25 35
7 45
15 26
22 49
10 41
5 21
23 33
30 48
22 30
24 38
17 27
18 46
5 20
16 32
0 40
24 37
8 15
2 18
29 45
18 32
26 34
16 38
40 44
7 8
1 7
38 46
4 46
42 49
12 37
8 11
13 25
42 47
12 16
13 14
9 33
34 36
28 36
21 39
12 15
12 35
29 43
35 48
3 34
10 15
34 40
4 19
42 44
26 36
8 14
36 47
15 45
23 49
11 18
5 10
5 30
24 39
28 49
33 35
28 40
23 37
24 26
12 45
7 25
1 14
26 31
18 28
46 47
9 42
5 6
24 47
20 23
5 32
30 39
24 40
20 26
30 46
17 38
5 18
23 48
7 22
25 45
19 46
0 43
0 14
26 48
23 32
3 20
1 24
1 33
6 20
22 26
11 20
1 8
11 49
8 42
2 3
27 48
0 37
2 8
4 47
4 12
17 25
44 47
2 28
11 36
23 36
7 36
15 42
33 47
33 36
18 22
40 46
24 44
4 32
20 49
19 40
9 13
29 35
6 18
10 45
16 25
6 38
16 45
15 17
4 28
10 43
11 32
25 48
23 43
11 31
3 28
6 37
25 42
7 13
0 49
4 5
13 23
7 44
4 13
22 39
10 18
9 35
24 32
15 20
20 39
9 16
18 35
27 31
12 17
15 37
10 13
6 31
12 40
12 47
0 35
21 29
7 42
0 12
0 17
10 26
37 39
16 31
6 13
6 25
20 43
15 31
8 36
21 22
23 44
14 17
4 23
3 8
6 35
8 48
1 47
5 46
35 44
21 45
9 31
33 44
22 37
33 48
14 29
2 42
22 25
19 30
9 14
24 25
30 32
5 40
1 10
30 38
15 34
37 38
5 23
32 40
2 43
18 25
6 24
19 48
26 38
4 41
14 32
21 34
22 32
25 40
2 6
8 25
12 18
6 22
4 21
4 37
13 17
12 46
4 42
36 42
31 39
3 32
20 42
24 49
17 46
27 41
17 48
7 32
41 45
23 28
