1488588256421674926
50
309
degree
1
27 
29 37
8 19
4 40
10 11
4 15
4 46
22 41
7 31
27 29
0 37
15 37
13 49
19 24
0 34
5 28
2 15
6 49
35 45
5 25
6 24
16 29
21 48
15 49
24 38
40 41
28 32
33 48
17 41
10 22
27 28
20 31
19 48
26 39
42 44
15 20
15 44
9 29
15 36
8 23
12 15
37 47
26 41
14 19
1 13
3 23
16 45
43 46
18 22
3 30
10 12
4 47
22 45
7 33
27 36
15 42
19 32
5 31
2 16
7 11
36 48
5 29
6 28
16 41
22 36
25 31
29 32
35 42
18 26
10 32
8 20
21 23
20 40
19 46
27 44
36 38
15 40
16 32
5 23
9 43
16 25
8 36
9 40
12 34
5 7
22 30
13 22
29 49
2 34
28 39
12 29
14 46
21 45
5 6
1 16
3 31
12 37
17 47
15 31
32 36
7 49
37 41
17 31
5 39
4 27
3 22
45 49
2 31
0 25
15 45
8 46
0 30
36 46
2 21
12 47
8 26
14 31
21 29
31 48
5 43
24 31
10 25
29 46
10 30
24 41
14 38
14 42
9 27
2 10
5 40
18 44
20 25
18 28
10 45
16 21
17 32
3 21
42 48
30 46
33 35
16 34
8 11
42 49
12 20
32 45
9 45
12 19
35 46
33 34
35 39
0 26
29 44
30 44
1 36
11 17
1 27
15 30
10 42
11 38
19 43
18 29
23 38
7 42
14 27
40 47
1 23
3 12
3 19
18 27
9 12
17 35
20 41
4 6
8 44
26 44
10 17
12 38
11 40
3 26
3 9
16 36
3 29
18 34
9 38
6 39
9 17
27 34
12 40
10 20
4 26
11 36
0 14
14 41
43 44
0 5
5 34
4 10
23 24
7 14
9 15
7 19
42 46
37 42
9 28
13 20
2 49
40 44
13 43
4 23
19 44
0 43
6 8
0 7
7 16
7 32
18 48
10 21
31 38
3 5
13 15
19 25
8 21
47 48
8 24
11 14
26 36
1 30
39 43
35 36
6 20
10 39
11 39
26 42
41 48
25 32
13 45
1 43
23 26
4 12
4 35
5 36
12 23
30 41
9 14
4 8
13 31
16 47
9 26
17 40
1 28
27 37
14 44
0 2
13 18
12 45
25 35
25 30
0 11
17 20
3 46
9 48
17 46
2 14
25 38
29 45
11 21
34 43
27 45
4 25
26 47
12 26
22 38
21 32
27 38
20 39
2 41
36 49
35 41
15 47
19 27
21 24
44 45
24 28
26 27
0 27
24 45
1 39
17 30
14 45
5 21
3 38
2 11
28 41
27 43
13 21
14 22
3 4
38 44
9 24
11 16
25 34
28 36
