1488588256373018383
50
246
degree
1
47 
0 13
0 4
23 31
33 39
3 43
2 36
22 43
12 42
4 11
14 34
10 18
27 38
14 32
13 30
6 17
5 48
42 46
19 26
19 45
7 10
29 47
29 37
18 29
12 31
19 34
32 46
5 47
29 30
16 17
7 15
0 41
24 35
14 49
3 32
40 46
11 26
16 35
15 24
1 45
11 33
28 38
8 40
36 46
9 15
31 44
38 49
21 43
0 25
20 49
23 32
33 41
3 44
22 47
12 46
4 12
14 39
10 22
27 47
14 38
13 36
6 21
6 8
19 36
20 28
30 45
30 36
18 42
19 49
34 37
6 10
30 34
12 47
16 33
7 23
0 42
25 36
15 32
3 37
13 46
11 41
3 17
17 25
15 45
24 32
20 41
1 49
12 14
30 37
23 44
17 41
24 31
35 43
8 29
9 34
28 34
4 17
21 26
2 3
9 21
35 36
24 40
23 42
21 31
4 18
23 36
25 33
0 12
11 21
15 20
41 44
0 36
9 32
43 49
3 28
21 39
35 41
0 20
47 49
33 37
11 18
8 11
1 16
14 25
12 37
12 44
32 44
2 24
0 27
9 23
20 40
0 18
15 28
13 33
26 29
10 21
8 32
10 23
18 24
7 47
34 44
40 48
36 39
1 32
36 41
11 24
9 22
15 26
21 30
5 39
0 2
31 33
38 44
9 11
41 42
26 47
1 15
29 48
9 14
22 23
11 43
0 16
0 28
10 28
14 16
10 42
14 47
22 30
11 37
9 30
15 41
10 14
25 44
31 34
16 18
10 15
36 44
36 42
18 43
26 34
14 33
7 39
9 12
37 42
19 22
26 44
4 48
17 20
31 32
1 23
17 44
3 49
32 39
14 27
44 49
17 27
38 42
9 41
6 47
3 35
18 26
18 22
21 42
23 33
19 38
15 30
7 49
7 8
6 33
23 43
5 6
8 27
23 48
18 45
2 8
29 39
18 32
2 11
9 42
4 43
18 47
33 48
22 27
9 29
22 36
19 43
19 25
14 43
6 29
27 42
33 44
15 22
6 48
0 43
47 48
19 37
3 39
2 7
24 39
39 47
7 45
6 41
24 28
19 47
35 45
42 47
30 40
15 46
23 41
12 16
28 39
24 41
8 42
3 9
20 23
16 41
7 16
11 15
33 45
13 27
6 22
1 24
