1488588256367176825
50
246
degree
1
6 
6 7
16 25
23 48
31 48
23 27
29 32
7 20
21 42
20 32
15 46
23 30
6 8
38 41
10 39
13 20
18 36
1 35
19 34
12 33
3 8
17 41
35 37
45 47
0 39
5 9
10 17
19 27
45 49
4 47
15 44
1 20
26 39
15 26
9 42
5 12
0 47
21 39
36 48
0 24
7 12
18 37
25 28
15 40
14 40
2 5
28 34
8 11
22 27
15 43
24 25
32 34
29 36
7 21
21 46
20 37
16 18
23 37
6 11
39 42
10 44
13 26
18 45
1 36
19 45
12 41
3 11
18 22
36 43
20 46
5 14
10 26
19 43
7 28
5 8
16 27
1 22
27 42
10 15
5 19
0 48
16 34
22 39
40 44
0 25
7 23
19 33
6 24
42 45
25 48
24 34
20 40
40 48
6 45
15 33
39 44
0 6
2 9
35 47
13 46
30 44
5 48
22 44
8 31
0 16
6 35
16 49
6 43
0 15
9 17
6 30
12 42
2 47
44 48
2 35
4 8
24 31
16 38
8 13
34 37
1 28
16 28
1 23
6 46
33 45
9 11
1 19
3 35
4 9
14 22
14 48
25 47
11 26
9 40
4 21
11 42
8 29
18 48
2 21
4 26
30 47
33 39
38 46
21 43
5 25
28 47
38 49
8 45
25 41
8 30
7 34
4 15
45 46
17 47
18 49
7 10
2 15
14 33
24 30
1 39
34 43
22 43
2 17
5 29
28 29
5 24
4 40
27 49
17 35
6 14
9 35
13 21
20 29
37 45
16 33
16 19
11 38
25 42
10 11
15 35
25 46
3 30
24 46
20 39
17 20
3 41
12 45
22 45
17 34
7 9
6 22
33 42
24 32
10 29
17 33
16 17
26 41
6 16
10 47
13 47
6 17
2 34
0 5
26 27
10 41
19 48
7 27
40 49
12 46
5 17
11 25
40 43
35 44
30 38
8 16
11 37
8 38
21 23
28 40
22 28
7 35
9 34
34 38
20 24
8 15
14 46
32 37
4 18
20 27
6 20
22 47
2 26
3 48
29 47
9 18
18 26
5 45
32 35
6 49
9 43
11 19
8 41
18 47
3 20
33 40
9 13
11 46
8 32
16 21
25 49
1 6
2 38
28 32
13 34
1 4
27 35
15 38
22 35
18 23
22 38
17 21
34 48
8 35
6 33
19 39
