1488588256290598573
50
180
degree
1
17 
36 39
7 17
30 49
17 30
1 23
8 42
9 15
0 47
21 26
31 41
7 47
3 15
36 48
19 47
33 47
38 41
31 47
30 39
17 23
5 7
29 38
11 49
6 46
27 48
21 27
1 16
6 14
11 18
1 3
2 46
12 29
34 43
33 37
7 42
3 4
4 28
15 35
10 22
38 46
12 32
14 44
0 45
10 16
13 24
21 40
13 39
25 49
42 43
20 40
31 33
17 32
8 44
9 17
0 48
21 32
31 49
8 9
3 16
37 48
20 26
34 45
39 45
32 44
31 35
17 34
5 11
30 36
12 21
7 10
24 31
28 47
21 44
1 17
6 20
11 35
11 30
1 5
12 44
36 47
35 39
8 11
10 23
11 36
46 47
3 9
15 33
4 35
0 17
5 21
16 27
10 39
13 17
15 36
3 11
15 46
1 7
47 48
10 37
12 40
31 36
14 17
23 28
33 44
14 34
2 12
25 38
28 39
10 13
10 49
30 48
7 37
26 48
35 42
7 18
10 11
6 23
2 19
28 45
8 47
10 18
5 35
15 34
6 34
14 43
26 37
12 30
10 34
27 29
11 28
45 46
31 38
17 31
13 30
3 27
17 37
19 48
6 30
19 34
4 25
29 30
43 49
0 29
28 33
26 46
12 22
37 46
19 39
0 6
6 42
11 12
17 33
15 43
7 33
12 39
8 16
20 47
5 14
26 32
10 47
31 43
24 46
1 46
1 13
41 47
7 12
24 28
19 42
14 18
39 43
4 18
5 22
25 45
16 26
13 14
19 26
16 25
40 42
12 46
20 22
32 38
3 25
30 44
4 26
11 46
3 6
21 29
11 27
36 49
15 32
8 48
0 24
3 33
3 23
27 42
42 48
0 13
8 45
31 44
3 26
3 42
9 46
25 41
30 32
26 33
2 30
42 49
4 29
2 29
7 40
20 42
32 46
4 17
1 4
17 18
23 41
