1488588256333329055
50
246
degree
1
14 
1 3
9 28
5 15
5 19
18 31
4 41
11 37
19 32
6 21
15 41
41 49
1 44
10 32
6 25
14 48
10 33
14 39
16 29
19 45
21 31
36 43
34 39
14 21
20 40
11 19
17 27
17 37
12 23
18 28
29 48
1 27
13 46
7 47
28 43
16 46
31 33
20 27
7 27
2 46
12 35
12 36
42 47
38 44
30 36
26 37
9 22
24 27
8 13
0 44
5 16
18 34
4 42
11 40
19 36
6 23
15 46
43 46
1 45
10 37
6 9
6 28
15 22
10 39
16 39
20 28
21 44
38 40
35 45
14 32
21 28
11 29
17 43
18 22
18 46
31 37
1 29
14 27
8 17
30 33
17 34
32 47
21 24
7 38
3 5
13 18
14 34
5 21
13 20
12 26
2 17
5 11
11 35
7 24
24 39
2 14
3 36
14 47
3 37
18 43
15 42
4 12
45 48
4 47
33 39
5 9
15 29
22 27
12 30
28 49
2 18
40 46
31 35
1 32
28 32
12 28
17 21
10 45
1 15
9 49
26 40
8 32
21 38
11 24
2 25
17 32
39 45
30 46
11 23
10 12
16 28
29 47
27 42
17 28
14 25
6 30
10 48
8 34
7 42
8 45
14 22
10 15
20 39
14 15
23 29
3 12
22 45
44 45
14 41
44 48
19 24
1 42
26 36
7 20
35 41
26 48
7 23
0 49
5 13
2 8
22 23
22 24
6 31
3 23
25 35
9 19
19 29
14 31
11 42
33 45
5 48
23 27
42 48
5 6
5 7
20 26
21 30
18 24
22 47
18 33
11 26
0 40
32 35
3 47
25 45
12 48
25 27
36 48
7 21
8 26
1 35
14 20
13 21
17 44
5 40
2 36
23 40
20 21
15 40
13 16
5 22
10 14
5 17
12 32
20 31
3 38
20 48
20 38
6 44
16 33
0 46
7 8
5 43
23 41
1 26
15 19
13 48
11 36
32 43
3 44
2 24
19 33
8 20
17 49
34 40
32 39
10 29
6 37
37 46
15 23
20 37
12 13
5 39
6 27
2 41
26 29
12 21
27 43
11 14
14 33
2 7
1 36
18 41
5 32
19 47
0 7
1 19
40 41
0 42
33 35
4 16
20 42
28 31
0 35
2 34
13 40
38 49
