1488588256359817203
50
246
degree
1
15 
8 22
40 44
7 9
13 19
23 36
18 39
16 27
11 15
25 26
19 48
32 45
6 17
34 39
4 13
30 35
35 49
24 34
1 10
4 40
8 16
24 26
17 25
23 40
12 29
34 43
11 47
24 42
14 27
23 31
36 47
24 41
10 15
29 42
19 24
5 12
14 40
35 38
9 12
2 19
30 34
3 41
28 39
21 27
23 33
1 20
25 45
3 46
0 29
37 42
40 45
7 10
13 21
23 39
18 42
16 30
11 18
25 32
20 25
33 38
6 20
35 36
4 15
30 47
37 38
24 46
4 43
48 49
14 15
17 38
24 32
12 40
36 40
12 21
25 39
14 42
24 27
39 43
25 41
10 27
31 33
19 46
5 19
15 25
13 20
37 49
9 26
16 40
2 23
32 37
2 45
3 48
29 45
30 40
22 35
1 12
18 22
24 47
1 23
27 44
16 18
7 33
15 19
7 8
22 47
8 38
10 13
10 23
18 43
4 38
17 29
19 32
3 5
32 46
16 35
6 10
47 49
5 16
16 26
8 10
12 31
13 45
4 14
9 10
7 45
8 35
1 6
1 34
11 19
37 41
15 17
7 11
31 32
17 34
21 48
2 4
39 41
38 49
8 17
13 15
19 43
16 23
28 38
14 17
0 32
15 18
6 15
10 29
6 29
6 41
27 34
4 21
14 32
24 37
9 34
14 16
32 38
0 22
2 33
18 34
6 47
26 48
8 27
35 41
7 27
40 49
9 49
29 33
38 45
2 43
33 45
15 42
41 48
21 42
38 48
44 49
29 36
22 38
15 43
6 39
18 32
3 49
24 39
21 43
36 43
32 47
38 43
26 37
2 15
32 44
13 31
33 46
31 47
3 15
34 41
21 36
13 18
25 37
16 17
10 39
9 27
18 29
46 48
5 22
30 46
7 12
3 14
9 16
26 44
6 22
0 36
28 31
21 32
5 28
8 19
5 29
43 48
31 44
32 42
5 24
38 40
25 35
5 37
36 37
38 41
2 20
36 46
0 34
22 30
3 36
19 36
1 15
30 32
0 12
25 43
4 25
1 19
20 45
26 38
19 33
15 28
18 47
8 9
3 26
42 48
18 26
13 35
5 8
9 41
8 42
11 36
15 38
28 46
11 26
15 32
0 30
23 24
17 36
14 35
8 33
25 29
