1488588256439490575
50
309
degree
1
27 
23 38
1 34
16 41
8 11
10 17
17 35
28 37
8 39
14 20
15 30
33 39
16 35
29 45
6 24
16 29
3 37
27 35
8 24
16 19
25 42
11 21
9 20
36 39
11 35
16 18
26 39
9 30
26 31
23 29
5 43
20 23
19 43
3 29
48 49
32 34
1 18
31 42
27 44
3 47
3 49
46 48
0 17
13 37
7 21
2 36
2 4
12 32
40 49
22 34
16 42
8 12
10 18
17 38
28 42
8 41
14 24
15 35
33 48
30 37
6 27
16 37
3 39
27 47
8 29
26 34
11 29
9 27
43 48
37 49
11 45
16 32
27 38
34 45
20 24
9 41
27 33
24 27
6 7
27 43
20 47
18 26
20 39
19 30
3 35
22 32
8 47
24 44
34 42
12 25
27 42
1 20
34 36
29 43
17 39
3 18
31 43
4 10
15 28
4 12
21 47
21 43
6 37
30 49
10 40
0 18
29 40
20 29
19 33
32 48
1 35
10 14
14 36
33 42
36 46
7 42
5 29
11 22
1 47
7 30
2 45
5 47
38 49
12 37
15 20
5 25
25 48
2 11
13 36
19 20
3 8
35 43
2 30
18 38
37 41
4 26
19 34
6 11
29 46
26 30
3 42
14 25
25 37
7 48
13 28
23 35
14 49
15 47
28 29
23 24
19 36
37 40
32 35
3 32
3 38
8 17
24 40
6 22
26 46
0 35
4 48
6 33
27 28
33 34
9 26
13 44
11 47
17 47
0 22
12 36
38 44
41 43
12 47
2 8
0 21
31 36
2 9
25 31
10 21
35 37
3 43
43 49
5 41
22 39
36 41
1 11
2 17
39 41
30 44
39 42
16 26
21 41
42 49
27 48
18 35
45 49
9 16
17 22
9 28
7 44
7 45
34 44
21 46
14 45
6 14
30 46
13 34
5 9
27 39
1 4
8 13
7 15
2 29
40 48
20 32
2 27
26 36
21 32
6 13
2 10
1 43
1 25
27 34
32 37
3 21
25 41
22 33
18 25
36 38
24 43
11 44
9 21
9 35
30 35
10 24
23 31
5 32
13 33
0 47
28 35
7 28
17 49
15 21
14 40
19 24
12 29
10 26
4 9
10 27
42 47
28 48
28 38
22 40
23 47
10 35
20 42
14 47
3 46
0 8
32 41
16 38
20 33
27 37
29 36
12 49
7 13
16 46
3 40
14 37
1 41
12 39
8 38
15 42
9 44
8 27
22 27
21 38
29 48
5 8
5 48
8 14
29 32
17 25
18 45
2 39
28 45
7 17
15 45
31 46
11 17
17 23
13 25
43 46
8 25
4 8
6 26
18 23
11 33
1 8
8 33
30 31
16 24
13 39
33 49
0 27
4 25
4 32
24 33
21 23
23 34
28 33
10 47
20 45
1 27
16 33
7 19
23 36
11 48
37 44
1 40
