1488588256280845711
50
180
degree
1
49 
23 27
4 34
4 24
4 18
8 32
17 31
8 49
1 19
36 49
6 44
18 49
5 15
2 28
14 41
40 43
13 16
32 35
19 30
19 45
17 38
37 47
32 48
39 49
19 48
31 35
12 38
7 8
4 44
1 21
36 46
10 43
4 28
5 34
1 26
11 37
16 40
11 42
25 44
2 43
2 14
25 47
7 9
27 40
29 38
2 20
3 26
15 22
23 33
0 45
4 25
8 34
17 34
9 11
37 44
6 47
19 26
5 18
2 29
14 48
41 48
13 23
33 34
19 40
20 28
18 19
39 45
34 36
42 46
20 34
32 39
12 49
7 15
4 49
7 46
1 23
38 44
39 42
25 39
11 18
47 49
5 42
1 28
12 16
17 30
12 22
27 31
26 40
2 48
2 18
27 37
7 21
22 29
18 48
43 48
18 43
7 26
15 33
29 43
31 47
2 16
2 49
8 30
14 25
41 47
6 29
33 49
12 24
22 46
9 26
38 49
2 27
20 23
17 46
19 20
3 37
40 49
19 47
3 27
14 16
37 39
32 43
12 43
2 32
5 28
26 28
13 14
15 30
20 40
8 40
16 38
4 7
26 35
15 18
8 18
32 49
26 34
0 49
3 7
33 43
3 32
3 17
13 28
5 44
3 28
2 8
7 16
38 46
28 31
7 44
27 43
11 26
4 30
40 48
11 19
7 20
37 38
3 16
17 37
17 32
1 31
18 21
0 44
32 40
24 34
15 32
32 44
20 27
7 36
12 42
13 21
13 15
9 17
12 34
15 21
9 15
20 48
4 12
10 38
0 6
3 14
21 43
10 13
3 49
21 41
12 29
15 45
45 48
11 40
1 42
6 25
14 42
44 46
0 16
22 43
36 38
24 42
29 47
18 45
1 44
13 18
0 12
7 23
10 46
14 19
8 33
18 39
6 23
21 46
