1488588256343189360
50
246
degree
1
4 
39 43
28 47
29 36
13 22
29 46
1 23
13 39
5 47
41 43
0 6
1 9
10 22
14 44
26 29
8 47
36 39
15 39
21 35
4 40
33 36
23 43
25 43
7 21
19 43
0 9
37 48
12 25
43 44
2 11
4 10
2 9
24 49
24 33
18 30
26 35
8 45
19 32
24 27
8 42
6 8
10 18
19 37
28 38
6 34
20 21
17 35
4 16
3 19
9 31
28 48
29 38
13 24
29 49
13 42
5 49
42 44
1 10
10 26
15 16
26 39
9 12
37 41
30 33
15 48
21 47
4 44
34 39
24 34
26 37
7 28
20 30
0 10
13 38
40 45
12 38
34 48
2 14
2 12
26 28
11 27
25 37
19 23
27 44
2 13
9 18
42 46
22 38
25 35
9 17
6 19
8 22
10 36
20 40
4 20
29 44
16 32
30 44
12 49
27 30
0 34
39 45
6 17
4 37
7 8
10 15
21 34
24 46
21 23
18 44
25 27
21 22
1 29
26 33
1 8
32 38
4 29
18 26
2 19
7 15
3 30
19 33
6 32
29 33
1 35
27 33
23 38
19 49
4 42
39 41
32 42
20 46
4 36
16 44
41 42
12 28
32 49
4 43
16 40
16 21
10 29
25 28
1 27
18 45
38 48
11 35
0 8
15 30
18 35
25 41
7 29
12 40
30 32
25 46
23 45
9 30
8 36
4 17
26 49
40 41
43 47
20 47
7 27
7 19
41 47
8 44
17 19
6 27
24 44
21 38
16 37
15 43
13 14
4 41
38 43
0 43
3 24
20 45
2 49
18 41
7 43
8 34
12 34
7 45
15 29
39 40
7 12
16 36
12 13
0 13
4 12
23 28
13 37
6 22
16 49
17 38
25 34
32 43
16 31
0 4
26 36
4 30
35 41
16 39
3 23
19 26
35 38
16 48
13 47
30 48
19 42
21 24
2 21
16 24
20 49
4 46
15 26
25 36
22 48
13 32
29 42
4 27
28 32
19 40
21 49
16 26
21 41
16 47
27 46
29 40
7 23
21 40
3 8
27 38
20 27
28 41
17 46
14 18
13 31
36 37
27 29
5 16
4 8
6 16
20 32
2 44
12 24
3 38
41 44
38 45
4 39
30 35
1 32
7 17
4 14
36 48
12 46
17 20
5 22
2 27
3 14
13 16
26 41
8 25
8 23
