1488588256410654763
50
309
degree
1
16 
4 5
4 7
22 32
9 33
21 45
11 39
1 17
21 22
8 49
18 41
14 19
21 28
5 19
7 13
6 16
1 18
4 18
32 36
1 45
15 48
9 42
6 15
16 30
2 3
24 29
6 12
3 22
12 26
15 21
2 8
32 35
11 15
24 33
4 37
19 23
12 27
38 46
9 46
2 33
7 34
0 24
5 47
11 40
13 44
35 43
22 31
2 20
12 25
9 10
4 8
22 33
9 34
21 48
11 41
21 27
9 12
18 46
14 24
21 35
5 21
7 16
6 19
1 19
4 20
33 36
1 47
16 26
9 49
6 20
16 42
2 5
24 47
6 18
3 26
12 38
15 36
2 11
33 46
38 47
11 29
25 34
4 44
19 45
12 43
10 21
31 43
13 24
2 38
17 28
3 39
1 31
22 38
12 37
7 49
0 25
7 31
9 13
28 34
6 17
13 19
30 45
4 10
13 37
41 49
30 40
12 29
15 39
5 10
26 35
1 16
32 45
14 43
4 43
24 49
17 20
25 30
7 36
7 45
37 49
31 49
40 46
36 48
37 43
40 45
21 31
9 22
2 34
39 43
16 29
20 26
1 12
13 43
6 34
33 45
12 47
15 46
25 29
9 16
2 30
15 26
10 13
23 28
2 21
16 17
16 18
13 30
8 34
13 41
25 47
37 38
37 46
17 42
18 19
22 44
26 41
21 26
39 48
27 45
11 12
9 45
38 49
5 22
6 30
5 34
24 31
17 22
10 19
22 29
1 14
36 42
9 36
38 43
2 47
18 29
35 48
6 45
11 25
4 41
4 48
14 27
6 31
40 43
26 30
23 45
4 36
29 40
22 39
20 28
5 17
0 15
21 34
16 37
30 47
28 44
1 41
34 35
2 14
20 45
23 44
10 23
31 47
23 42
31 40
0 26
18 20
34 46
4 25
7 14
5 36
8 16
7 18
29 30
17 18
13 16
11 14
21 29
33 48
1 2
2 40
20 24
1 7
0 27
22 36
19 46
0 11
16 25
6 49
5 41
36 44
0 42
1 39
24 44
4 34
6 39
16 27
9 28
7 12
12 30
31 44
1 13
11 47
16 41
20 37
19 26
34 38
10 29
5 39
2 22
9 23
30 35
11 36
9 27
2 9
11 24
1 9
15 18
1 46
5 24
15 28
36 39
9 43
0 21
0 1
2 17
3 9
29 47
6 44
22 49
21 30
6 23
8 21
17 35
22 26
2 18
10 37
23 34
2 35
39 47
18 28
28 32
41 46
4 32
14 42
26 43
28 47
18 25
18 37
19 49
15 20
27 39
0 19
3 27
5 45
12 21
19 48
17 40
16 28
26 29
16 45
0 3
16 20
6 47
10 22
8 25
45 46
22 48
