1488588256300513546
50
180
degree
1
7 
15 18
13 23
35 49
7 38
3 11
1 38
26 33
23 38
16 43
9 20
25 40
31 32
11 28
4 15
18 49
2 43
27 28
19 25
8 35
31 38
10 28
0 20
3 41
34 45
14 42
7 42
5 13
7 47
2 3
7 24
8 9
16 44
6 35
22 45
46 48
9 48
32 49
7 25
33 46
19 36
14 29
2 34
9 10
12 44
29 30
37 43
21 36
17 29
37 39
36 38
1 39
26 38
23 43
16 48
9 23
25 48
31 42
11 33
4 17
19 28
2 45
27 41
8 41
32 38
10 36
3 44
36 39
15 20
7 49
5 18
8 15
34 36
2 6
7 32
8 19
17 31
6 44
45 48
3 15
29 33
10 23
35 39
7 36
36 41
0 6
7 16
20 36
48 49
2 39
38 49
9 27
10 12
25 43
13 33
38 45
31 39
27 47
26 48
23 24
21 48
2 11
23 39
18 35
20 26
40 44
6 7
3 39
21 23
1 20
16 42
9 36
13 34
20 49
43 44
7 37
1 7
2 13
12 35
6 8
20 46
21 30
2 23
27 35
1 3
30 38
2 27
21 46
27 33
11 13
47 49
5 30
7 43
3 8
9 41
10 24
39 42
29 48
5 15
6 27
32 42
2 16
2 7
17 30
0 34
4 49
17 44
15 43
43 45
20 32
35 38
27 42
0 32
13 44
13 29
42 44
44 47
1 19
2 22
22 46
4 32
24 26
0 3
16 39
3 12
26 39
2 19
28 40
7 9
20 30
31 36
0 44
6 41
5 38
15 37
12 14
24 39
13 21
9 29
28 38
20 39
24 35
28 42
4 47
27 45
1 49
28 35
12 20
15 46
34 42
9 12
6 40
40 42
10 32
12 26
12 18
15 21
15 33
32 44
37 44
17 48
14 25
16 19
1 10
25 33
16 26
15 36
