1488588256352881639
50
246
degree
1
21 
44 48
16 42
4 31
21 45
10 25
8 41
11 21
1 36
21 31
15 21
8 22
2 3
25 32
19 28
7 48
14 40
29 36
26 29
44 49
9 18
32 40
35 40
19 24
25 42
34 49
15 43
7 15
10 12
3 14
21 33
27 31
5 43
23 32
28 29
19 37
29 47
1 27
8 45
33 39
2 6
42 45
8 18
20 31
24 46
17 36
12 13
0 16
33 38
3 30
21 48
10 27
8 42
11 23
21 37
15 25
8 25
2 4
8 11
14 48
29 49
26 42
8 27
9 25
33 42
36 46
19 38
26 37
36 44
16 23
7 22
17 24
10 22
3 18
22 26
28 35
6 8
24 31
29 38
31 41
13 23
1 29
15 45
9 19
35 48
2 9
11 44
12 15
16 35
12 41
8 33
7 26
26 49
21 38
26 39
2 15
5 12
46 47
42 43
12 33
18 41
20 46
24 49
13 21
5 37
19 43
18 31
4 41
38 42
9 30
28 41
31 45
19 49
18 21
6 47
21 47
4 21
7 19
3 33
44 45
11 49
13 15
8 32
4 24
13 17
4 29
26 48
0 17
0 24
31 48
43 46
29 39
22 29
24 47
37 44
17 19
0 10
18 30
33 35
13 26
21 35
26 47
8 35
3 46
12 49
28 40
22 41
16 43
7 38
9 23
20 27
11 12
40 44
6 41
6 10
0 48
11 28
0 20
8 47
27 35
28 43
8 46
7 35
4 27
3 22
39 44
30 39
1 28
0 27
18 43
21 42
30 48
5 46
4 8
3 40
3 27
3 20
19 35
16 26
1 42
6 23
2 42
16 40
34 44
14 17
1 7
1 26
4 17
0 5
20 40
24 48
23 33
4 9
4 13
12 30
25 47
27 29
10 17
23 25
30 47
1 4
8 39
13 49
6 29
7 20
2 20
11 29
9 21
20 36
25 27
7 11
27 39
15 49
21 29
37 43
23 36
29 31
5 9
12 16
2 36
4 45
23 40
13 31
12 45
31 33
8 21
3 7
22 42
18 29
44 46
4 42
41 42
45 46
16 48
16 44
14 31
0 38
32 46
16 37
4 18
14 32
17 30
33 43
37 45
14 42
17 39
6 38
8 15
18 23
21 27
12 46
13 48
11 40
9 35
1 45
9 49
0 47
