1488588256295714691
50
180
degree
1
2 
2 10
10 23
15 40
14 29
5 39
5 18
2 26
27 35
12 18
3 25
6 25
20 21
21 43
3 38
2 40
18 40
20 34
19 34
33 35
12 37
2 9
7 21
13 25
0 33
23 32
25 46
30 40
15 17
13 45
21 36
3 19
21 39
43 47
14 48
16 47
15 27
22 35
24 41
1 37
26 31
15 24
28 31
11 36
29 34
4 37
16 42
23 44
8 49
3 49
15 41
14 31
5 40
5 19
2 27
27 41
12 21
3 26
6 28
20 28
22 24
3 40
2 41
18 49
20 45
19 45
34 36
12 45
48 49
7 27
13 35
24 25
26 43
31 45
15 31
14 24
22 29
3 23
7 43
22 34
40 45
20 27
15 33
20 47
17 36
15 48
18 19
23 38
25 49
2 22
1 40
38 39
27 45
40 47
30 32
2 19
20 30
3 31
10 46
6 34
17 38
23 42
2 37
12 24
31 32
31 49
17 32
5 20
4 49
17 47
5 47
39 42
22 25
12 14
0 26
25 48
11 32
17 22
14 30
11 21
9 35
2 21
21 33
27 38
4 26
42 44
1 19
10 30
0 10
2 3
4 28
4 18
16 34
7 33
27 28
18 41
1 25
2 47
6 48
32 44
3 44
0 24
19 40
0 17
11 40
1 15
44 49
13 33
35 36
1 23
21 34
1 5
28 37
8 37
0 47
9 25
16 44
21 26
22 38
4 12
9 10
32 46
22 39
11 39
13 42
6 47
6 30
13 44
22 47
47 48
3 35
16 36
10 39
10 32
2 49
15 22
19 39
0 21
6 21
14 21
34 41
44 47
37 45
7 42
5 9
2 45
30 36
4 38
20 32
20 44
31 39
23 43
2 8
38 49
32 42
8 46
6 44
16 43
40 46
34 45
19 28
28 41
45 47
4 33
1 2
26 39
30 48
35 48
31 46
27 40
